0.00965295
0.00659653
0.000489535
-0.00877557
0.00872728
-0.00269084
-0.0032387
0.0199763
-0.000323754
-0.00259131
0.00307446
-0.0220448
0.0373703
0.00226722
0.00582611
-0.0152509
-0.00496869
-0.0119145
0.00934732
0.00485632
0.0177016
0.00664226
0.00640769
-0.00889687
0.00605502
0.00561544
-0.00540128
0.00365104
0.0134757
-0.0151346
-0.00691486
0.00539451
0.0125136
0.0183619
0.0193422
-0.0136736
-0.0299081
2.43869e-05
-0.00614732
-0.00504776
-0.00964556
0.0309139
0.00795746
-0.0113888
-0.0275736
-0.00998887
0.00139821
-0.0323694
0.00855847
-0.0170182
0.142992
0.201322
0.156952
0.130211
0.196709
0.151698
0.0881648
0.193229
-0.0247749
0.00393649
