-2.784567740903537647e+00
-2.801377255535736577e+00
-2.835954654326668045e+00
-2.888824292807613325e+00
-2.960759025310380377e+00
-3.051991201833443412e+00
3.121765329770431308e+00
2.997261050640915414e+00
2.870155565121070840e+00
2.770951271198259569e+00
2.701159886628166529e+00
2.655812443503697384e+00
2.631683432022625446e+00
2.627348352884273375e+00
2.643260658714928546e+00
2.681964593073440373e+00
2.743483445655662045e+00
2.812253251784150532e+00
2.883249265709539877e+00
2.955830954671204935e+00
3.029311066863168200e+00
3.102956400518295688e+00
-3.107151558785764323e+00
-3.035316164868676392e+00
-2.964223761489765074e+00
-2.890317242941497611e+00
-2.813492603780288093e+00
-2.735011011887662935e+00
-2.656326017747400403e+00
-2.578938023886411912e+00
-2.504251575816587749e+00
-2.433422517622907399e+00
-2.365133423631937237e+00
-2.295616373836804947e+00
-2.231984525166260447e+00
-2.179973732346099258e+00
-2.140780864748604628e+00
-2.112877909145691735e+00
-2.093838840311310623e+00
-2.081339158167296866e+00
-2.073415972631572846e+00
-2.068160759497064571e+00
-2.064388169404513640e+00
-2.061524839668801956e+00
-2.059251278352090875e+00
-2.057371570480684753e+00
-2.055753324002227433e+00
-2.054295015510358979e+00
-2.052736692289224507e+00
-2.050284232204989010e+00
-2.046626393645699427e+00
-2.041696520818571781e+00
-2.035556685131944210e+00
-2.028423856343584575e+00
-2.020658216838138177e+00
-2.012707766726108627e+00
-2.004780294744354041e+00
-1.996137017224594690e+00
-1.986510831779176645e+00
-1.975834058113062897e+00
-1.964016086256826554e+00
-1.950941754207501821e+00
-1.936468507097006020e+00
-1.920422925071030962e+00
-1.903272089040775272e+00
-1.887591147444484418e+00
-1.874084795212372700e+00
-1.862787194512220301e+00
-1.853723332787889699e+00
-1.846911274507633483e+00
-1.842363419232610156e+00
-1.840083215320750032e+00
-1.830183937769642499e+00
-1.829233661383388165e+00
-1.827259248455839868e+00
-1.824088057918104910e+00
-1.819415864408705064e+00
-1.812723620855571038e+00
-1.803107643437015017e+00
-1.788899377439089333e+00
-1.767635727744532259e+00
-1.738939367412343451e+00
-1.701679887951482950e+00
-1.654562609882013868e+00
-1.598117193397436964e+00
-1.536790372356326984e+00
-1.480255722892762638e+00
-1.441059912273808141e+00
-1.423017243494177020e+00
-1.407061862322612988e+00
-1.388063955839215380e+00
-1.366318180121895765e+00
-1.342129572912692081e+00
-1.315797270404581720e+00
-1.287615815047266299e+00
-1.257871708116047094e+00
-1.226200652994048124e+00
-1.189779847162668824e+00
-1.146664838257229757e+00
-1.095023036892995405e+00
-1.032415634576357988e+00
-9.556135135703924810e-01
-8.604598399482928928e-01
-7.421241915904398523e-01
-6.016311744917297588e-01
-4.596916582427773568e-01
-3.261826707487755495e-01
-2.042888142807105234e-01
-9.520193477386723613e-02
1.323816318228402192e-03
8.641605155367315660e-02
1.616304469886209461e-01
2.291469917815269208e-01
2.915601323011809409e-01
3.486655572727169750e-01
3.998382170518597345e-01
4.446955991272557585e-01
4.830658095566001120e-01
5.149367916446573323e-01
5.404085554748654374e-01
5.601934653263139774e-01
5.766453621970533128e-01
5.904707069026144950e-01
6.017997060535670295e-01
6.107380228041299208e-01
6.173694485456389103e-01
6.217563324032014949e-01
6.277130978052444243e-01
4.531257039384583574e-01
4.555553615258439715e-01
4.555553615258439715e-01
4.555553615258678413e-01
4.555553615258439715e-01
4.555553615258678413e-01
4.555553615258678413e-01
4.556160319172047890e-01
4.199774189010770375e-01
4.167796548132238765e-01
4.098182938250340412e-01
3.997018509718503476e-01
3.867933262000750050e-01
3.715300558614663684e-01
3.543915613668953690e-01
3.358677837167750035e-01
3.164310469118030711e-01
2.965108343320684847e-01
3.370631407930933521e-01
3.202883471826031836e-01
3.060793493341757987e-01
2.938905427074214316e-01
2.833209158185271415e-01
2.740679718071947768e-01
2.658993204239417096e-01
2.586334776176138495e-01
2.521265764079848037e-01
2.462624811209261910e-01
2.413912705830922878e-01
1.793443285835795431e-01
1.807909760372477803e-01
1.859479192002333470e-01
1.949943725989560783e-01
2.080608663487625853e-01
2.252172654588979472e-01
2.464600447880510303e-01
2.716998715041242796e-01
3.007427419293813298e-01
3.322454973622869234e-01
3.620530697325752278e-01
3.894693331508544687e-01
4.148496828639169354e-01
4.385215696086786075e-01
4.607865689472117610e-01
4.819314183979985233e-01
5.022405522306730985e-01
5.220116509913632630e-01
5.415810571209966895e-01
5.620640808135001221e-01
5.867175353637854585e-01
6.166462011338202931e-01
6.520745165624570738e-01
6.929559231458993773e-01
7.388898231295054631e-01
7.890632616821113832e-01
8.422525471632856808e-01
8.969061807513759588e-01
9.512893671193091150e-01
1.002989854063342845e+00
1.048468517422122437e+00
1.087359134185099219e+00
1.120163991369879319e+00
1.147364257224233741e+00
1.169383256003080129e+00
1.186576308649585076e+00
1.199226919435715688e+00
1.207546315980867035e+00
1.214282354552892684e+00
1.308324854707865192e+00
1.318020204938670448e+00
1.336314646080638324e+00
1.363989072311241557e+00
1.401273229340812554e+00
1.448364116854664374e+00
1.505319753389945170e+00
1.571863259019574466e+00
1.643768412980131322e+00
1.707501272391484637e+00
1.760834706631925872e+00
1.805034172481306154e+00
1.841102618355015430e+00
1.869670851850459226e+00
1.890925349974915903e+00
1.904459661553703720e+00
1.910750294049540665e+00
1.915669412843070463e+00
1.920778133848134228e+00
1.925868508664918100e+00
1.930642656052635742e+00
1.934732575114750608e+00
1.937748284696698908e+00
1.939724049032362174e+00
1.969307367161434730e+00
1.969475703751019768e+00
1.969663454333560049e+00
1.969929012716190364e+00
1.970256045303394377e+00
1.970626768235006931e+00
1.971023962345262115e+00
1.971432874937631974e+00
1.973444916495088242e+00
1.982912358529878682e+00
2.000751365503416146e+00
2.027117427809078443e+00
2.062950037101126011e+00
2.109998512773897161e+00
2.170969460059929634e+00
2.249662260249567503e+00
2.345985085774238144e+00
2.442592404617706325e+00
2.530976661829984042e+00
2.607759413766062462e+00
2.670687128708792990e+00
2.718463154994791964e+00
2.750485397617157268e+00
2.766690241156390062e+00
2.739084602240854593e+00
2.754785379421940572e+00
2.784941021331198918e+00
2.827413759135497973e+00
2.879249794376001148e+00
2.937082833092062639e+00
2.997576193954140766e+00
3.057816262008761665e+00
3.114627048267923470e+00
-3.117637400586817709e+00
-3.068994042767484665e+00
-3.018732350387261842e+00
-2.963054112875084023e+00
-2.897353636321295944e+00
-2.815091780439059388e+00
-2.706131279093501707e+00
-2.562178629874358293e+00
-2.403002822739597200e+00
-2.243267650985478312e+00
-2.092376653602266767e+00
-1.957632752162391299e+00
-1.843174250833137906e+00
-1.750497959410807214e+00
-1.679854062091078903e+00
-1.627622343935332561e+00
-1.578509054597672323e+00
-1.529904482870236171e+00
-1.483934955714573123e+00
-1.443044891764676541e+00
-1.409696849670869279e+00
-1.386073950966946411e+00
-1.373804743244721349e+00
-1.375115587981235121e+00
-1.373988229985232623e+00
-1.371743998863107938e+00
-1.368403429443709074e+00
-1.363996854237292666e+00
-1.358563824744438708e+00
-1.352152376639177644e+00
-1.344818146915401691e+00
-1.336623366214772624e+00
-1.327635753348494374e+00
-1.317927342048094586e+00
-1.307572788368204453e+00
-1.295984276638900701e+00
-1.280501738028527958e+00
-1.260217352191860041e+00
-1.234666823023085058e+00
-1.203155169399112712e+00
-1.164722105839550492e+00
-1.118095294818875152e+00
-1.061639244765811174e+00
-9.933209299635372691e-01
-9.107406924640712997e-01
-8.113260680215853560e-01
-6.928905366218229833e-01
-5.587304278049328721e-01
-4.269560338681778200e-01
-3.050858076917440931e-01
-1.950948582630752381e-01
-9.743973680351147859e-02
-1.155277729399975355e-02
6.369626125077583467e-02
1.296565949987116273e-01
1.876888367159069149e-01
2.390625184523555713e-01
2.849210570283527977e-01
3.262873528563343117e-01
3.644874772868175739e-01
4.014486084362882679e-01
4.371335799894789376e-01
4.710189649138112333e-01
5.025892156073836770e-01
5.313557515342398618e-01
5.568719901228320612e-01
5.787448516654469799e-01
5.966424618045537143e-01
6.102984036271170698e-01
6.195133232260757739e-01
6.243231470002680306e-01
5.409274201665725812e-01
5.284037915083694692e-01
5.005890862091526561e-01
4.584222112837277319e-01
4.016131385138128063e-01
3.301729392094293614e-01
2.447738269348127549e-01
1.470105760876727619e-01
4.457870524572002391e-02
-4.129436712375168100e-02
-1.088779186241187052e-01
-1.610853141368884522e-01
-2.000617380877356410e-01
-2.272011111949515660e-01
-2.430988042931337412e-01
-2.474444843018340778e-01
-2.412326654957548389e-01
-2.328642824702868708e-01
-2.250000824628029250e-01
-2.180825799444151281e-01
-2.125192403267079089e-01
-2.086176010712262607e-01
-2.065326078391790943e-01
-2.062478250175293071e-01
-2.061544889113235968e-01
-2.006759904683366735e-01
-1.889016951890931939e-01
-1.710252293720151140e-01
-1.469218917764250065e-01
-1.161887947287389422e-01
-7.815958615454163261e-02
-3.194537571777738422e-02
1.991987936167357795e-02
6.375342984741577679e-02
9.541233905651488878e-02
1.143630187897128336e-01
1.200231934136673784e-01
1.116014227926317298e-01
8.802364867606621290e-02
4.783397040980242459e-02
-3.424949580567761883e-03
-3.544005567395761697e-02
-3.913202638629029173e-02
-1.410846178425054914e-02
3.826713263517890484e-02
1.144544059171148653e-01
2.085277807177460252e-01
3.126136515208407518e-01
4.154795381125913623e-01
5.040294730274839097e-01
5.809101595883722213e-01
6.507855036399143867e-01
7.170597365546407254e-01
7.823755228361354286e-01
8.489652788978259146e-01
9.188507901321960603e-01
9.913180871976586817e-01
1.056879221549611225e+00
1.112582498816490295e+00
1.158383199457062140e+00
1.194490619921775076e+00
1.221206505429246025e+00
1.238827648023999473e+00
1.249547350359506703e+00
1.370864926092987712e+00
1.371055755899054818e+00
1.371055755899054818e+00
1.371055755899054818e+00
1.371055755899054818e+00
1.371055755899054818e+00
1.371055755899053930e+00
1.371055921033947023e+00
1.376027309407238830e+00
1.392739049588176403e+00
1.426209186545580376e+00
1.476542339225584755e+00
1.543529492468114217e+00
1.626246423200170987e+00
1.722621108077144969e+00
1.829128616813025854e+00
1.938526427829699417e+00
2.037949799220514446e+00
2.124901408657451807e+00
2.200423766619249211e+00
2.265883882846237984e+00
2.322671418224421913e+00
2.372070090787115504e+00
2.415198687484098272e+00
2.451470205371118816e+00
2.476423523222955225e+00
2.490706945094004698e+00
2.495685475479386017e+00
2.491961841671440858e+00
2.479487920327994921e+00
2.457579474024439214e+00
2.424826977024030050e+00
2.380992602937826330e+00
2.332535995311159738e+00
2.280988877473836940e+00
2.225891470678236228e+00
2.166731329231569969e+00
2.102930689819510146e+00
2.033852429263780071e+00
1.958795682515366954e+00
1.878622594205684448e+00
1.800684554006676041e+00
1.729193120797703376e+00
1.666567544935305900e+00
1.614704313011507297e+00
1.574923534070382880e+00
1.548049284138085291e+00
1.534612374987297523e+00
1.514935502905969456e+00
1.510935320354676925e+00
1.503006221903828488e+00
1.491324019850357452e+00
1.476135622163477601e+00
1.457757096083103221e+00
1.436562237762719851e+00
1.412967872364473854e+00
1.387716013611596910e+00
1.362328678491086631e+00
1.337236408602979099e+00
1.312540336840202659e+00
1.288328060410239395e+00
1.264673202555638198e+00
1.241635929006724259e+00
1.219261523915790235e+00
1.199149300274217289e+00
1.187017724444608957e+00
1.183458420115518273e+00
1.188095750731177569e+00
1.201182176447015859e+00
1.223628437882230191e+00
1.257144030507695964e+00
1.304506860554214720e+00
1.368715166538361672e+00
1.448909309316285254e+00
1.545759546877490509e+00
1.659879235843784384e+00
1.789813285210274607e+00
1.931237491126740480e+00
2.077129708316274304e+00
2.219325820615833056e+00
2.350058309779964105e+00
2.465569172277401577e+00
2.570219437330550694e+00
2.668686171158396903e+00
2.764774633907832513e+00
2.861681880104167242e+00
2.962185297919802007e+00
3.068686555240095704e+00
-3.104188922627887148e+00
-3.006042936645102248e+00
-2.924705040419798951e+00
-2.859602714213252739e+00
-2.809561344941244432e+00
-2.773317002249285679e+00
-2.749790129561711538e+00
-2.738188974431659428e+00
