nan
nan
0.499817
0.749809
0.999802
1.249794
1.499787
1.696138
1.910348
2.196699
2.432117
2.694945
2.956264
3.214308
3.469419
3.721817
3.972368
4.221901
4.471055
4.720218
4.969570
5.219149
5.468921
5.718826
5.968805
6.218813
6.468826
6.718829
6.968819
7.218799
7.468772
7.718741
7.968709
8.218678
8.468648
8.718620
8.968594
9.218568
9.468544
9.718520
9.968496
10.218473
10.468451
10.718429
10.968407
11.218386
11.468365
11.718344
11.968324
12.218304
12.468284
12.718265
12.968246
13.218227
13.468209
13.718191
13.968173
14.218155
14.468137
14.718120
14.968103
15.218086
15.468069
15.718053
15.968037
16.218020
16.468005
16.717989
16.967973
17.217958
17.467943
17.717928
17.967913
18.217898
18.467883
18.717869
18.967854
19.217840
19.467826
19.717812
19.967798
20.217784
20.467770
20.717756
20.967742
21.217729
21.467715
21.717702
21.967688
22.217675
22.467661
22.717648
22.967635
23.217622
23.467608
23.717595
23.967582
24.217569
24.467557
24.717552
24.967550
25.217544
25.467533
25.717518
25.967500
26.217480
26.467460
26.717440
26.967421
27.217403
27.467386
27.717369
27.967353
28.217338
28.467323
28.717307
28.967292
29.217277
29.467262
29.717248
29.967233
30.217219
30.467205
30.717191
30.967177
31.217164
31.467150
31.717137
31.967124
32.217111
32.467098
32.717085
32.967072
33.217059
33.467046
33.717033
33.967019
34.217006
34.466991
34.716945
34.966867
35.216769
35.466665
35.716567
35.966482
36.216414
36.466363
36.716328
36.966305
37.216290
37.466282
37.716276
37.966271
38.216266
38.466261
38.716256
38.966251
39.216247
39.466243
39.716241
39.966241
40.216242
40.466244
40.716248
40.966252
41.216257
41.466262
41.716267
41.966263
42.216095
42.465803
42.715460
42.965126
43.214841
43.464626
43.714934
43.966037
44.216848
44.467130
44.717146
44.967009
45.216741
45.466408
45.716053
45.965704
46.215370
46.464917
46.714539
46.964349
47.214243
47.464156
47.714064
47.963956
48.213741
48.463334
48.713665
48.964455
49.215618
49.467029
49.717603
49.967643
50.217361
50.466944
50.716100
50.964964
51.213769
51.463054
51.712738
51.962719
52.191616
52.344505
52.494922
52.646331
52.796816
52.804323
52.809964
52.813659
52.783634
52.638871
52.490602
52.338906
52.186705
52.181476
52.176661
52.172961
52.170552
52.169249
52.168738
52.168710
52.168922
52.169210
52.169480
52.169692
52.169835
52.169806
52.169404
52.113551
51.961287
51.806656
51.649277
51.489247
51.360637
51.354876
51.349983
51.346457
51.344319
51.343290
51.343012
51.343162
51.343498
51.343868
51.344188
51.344427
51.344582
51.344668
51.344598
51.344077
51.343233
51.309204
51.152404
50.993103
50.830932
50.710904
50.705946
50.701581
50.698378
50.696422
50.695491
50.695265
50.695445
50.695803
50.696190
50.696525
50.696776
50.696939
50.697028
50.696963
50.696367
50.695388
50.694378
50.573857
50.412195
50.247861
50.210487
50.206550
50.203276
50.201034
50.199792
50.199324
50.199355
50.199650
50.200034
50.200402
50.200700
50.200911
50.201039
50.201099
50.201108
50.201082
50.200947
50.200407
50.199709
50.099099
49.942219
49.840990
49.837813
49.834725
49.832293
49.830702
49.829859
49.829566
49.829611
49.829824
49.830084
49.830322
49.830504
49.830621
49.830681
49.830694
49.830673
49.830630
49.830573
49.832384
49.822796
49.823992
49.745372
49.602129
49.568251
49.565590
49.562927
49.560943
49.559812
49.559405
49.559477
49.559788
49.560156
49.560472
49.560688
49.560799
49.560824
49.560789
49.560720
49.560639
49.560558
49.560486
49.560424
49.560373
49.560331
49.560310
49.509674
49.374893
49.371250
49.368586
49.366317
49.364801
49.364025
49.363803
49.363914
49.364169
49.364441
49.364662
49.364808
49.364883
49.364903
49.364887
49.364853
49.364814
49.364776
49.364744
49.364717
49.364697
49.364681
49.364669
49.364659
49.331562
49.224729
49.223113
49.221139
49.219401
49.218193
49.217527
49.217278
49.217290
49.217426
49.217590
49.217733
49.217832
49.217889
49.217911
49.217912
49.217900
49.217885
49.217870
49.217857
49.217848
49.217841
49.217836
49.217832
49.217830
49.217828
49.217826
49.099975
49.098775
49.097132
49.095592
49.094466
49.093799
49.093504
49.093452
49.093525
49.093639
49.093744
49.093821
49.093866
49.093886
49.093889
49.093884
49.093876
49.093868
49.093862
49.093859
49.093857
49.093856
49.093856
49.093857
49.093857
49.093857
49.024092
48.972442
48.970957
48.969337
48.968003
48.967118
48.966652
48.966490
48.966510
48.966610
48.966724
48.966818
48.966882
48.966917
48.966930
48.966930
48.966925
48.966918
48.966911
48.966907
48.966905
48.966903
48.966903
48.966904
48.966904
48.966904
48.966905
48.966907
48.912004
48.818134
48.816358
48.814296
48.812533
48.811338
48.810702
48.810489
48.810533
48.810695
48.810881
48.811038
48.811148
48.811211
48.811237
48.811239
48.811228
48.811213
48.811198
48.811185
48.811176
48.811170
48.811166
48.811164
48.811166
48.811006
48.910737
49.039623
49.097123
49.100678
49.104108
49.106735
49.108355
49.109132
49.109327
49.108715
49.109433
49.109980
49.110308
49.110439
49.110429
49.110335
49.110204
49.110065
49.109936
49.109824
49.109728
49.109645
49.107834
49.105797
49.112051
49.246565
49.272512
49.275389
49.277716
49.277022
49.278846
49.280214
49.281083
49.281518
49.281630
49.281527
49.281664
49.284754
49.281399
49.283130
49.280698
49.280535
49.280600
49.280759
49.280910
49.279226
49.269504
49.134033
48.996829
48.856800
48.835089
48.830333
48.826550
48.824174
48.823136
48.823628
48.824392
48.825129
48.825675
48.825995
48.826131
48.826099
48.826004
48.825844
48.820971
48.821491
48.822482
48.632101
48.494201
48.353819
48.210983
48.066193
47.919992
47.772762
47.715586
47.709352
47.705059
47.702726
47.704095
47.704249
47.704557
47.704862
47.705092
47.705221
47.705257
47.705221
47.700343
47.700888
47.464215
47.224704
46.981415
46.740462
46.591510
46.441599
46.291918
46.142761
45.994108
45.911363
45.907657
45.903546
45.901003
45.899792
45.899497
45.899704
45.900100
45.900489
45.900775
45.900935
45.900982
45.657907
45.418143
45.175320
44.929197
44.680644
44.430533
44.179740
43.956583
43.805246
43.654103
43.503814
43.380321
43.373276
43.368180
43.365108
43.363703
43.363410
43.363714
43.364232
43.359686
43.123134
42.884059
42.641195
42.394734
42.145733
41.895312
41.644462
41.394453
41.144594
40.908702
40.757294
40.608818
40.473407
40.465293
40.459603
40.456299
40.451301
40.451074
40.451829
40.453459
40.454978
40.218342
39.978336
39.734372
39.487056
39.237516
38.986840
38.735834
38.484972
38.234455
38.059150
37.910685
37.763544
37.721155
37.714856
37.710965
37.709135
37.708726
37.709092
37.709742
37.710373
37.710845
37.711129
37.473578
37.233026
36.988850
36.741532
36.492093
36.241543
35.990643
35.795882
35.649156
35.503780
35.385273
35.377972
35.372975
35.370222
35.369212
35.369283
35.369861
35.370548
35.371126
35.371516
35.371722
35.371789
35.371769
35.134030
34.893393
34.649198
34.401892
34.194906
34.050383
33.906322
33.763365
33.653336
33.646494
33.641840
33.639322
33.638460
33.638621
33.639253
33.639973
33.640573
33.640976
33.641189
33.641258
33.641237
33.641173
33.641097
33.452686
33.319024
33.183101
33.045279
32.906156
32.806314
32.799448
32.794327
32.791260
32.789961
32.789863
32.790401
32.791148
32.791840
32.792357
32.792675
32.792824
32.792854
32.792815
32.792746
32.792673
32.792610
32.792561
32.809662
32.941389
33.074368
33.209587
33.317311
33.323052
33.328333
33.332335
33.334905
33.336300
33.336918
33.337094
33.337053
33.336942
33.336836
33.336758
33.336705
33.336668
33.336637
33.336606
33.336568
33.336532
33.336501
33.336476
33.574081
33.813497
34.055848
34.301212
34.497086
34.642537
34.788353
34.933940
35.079217
35.164944
35.172161
35.177566
35.181040
35.182885
35.183591
35.183640
35.183392
35.183072
35.182789
35.182582
35.182448
35.182368
35.419864
35.659277
35.901627
36.146939
36.394870
36.645616
36.896856
37.147851
37.334931
37.485254
37.634731
37.783401
37.870578
37.877874
37.883360
37.886903
37.888742
37.894645
37.888568
37.888044
38.125488
38.365095
38.607892
38.854513
39.103384
39.353369
39.603910
39.854441
40.105409
40.355990
40.552726
40.705654
40.857823
40.972540
40.980298
40.986531
40.990864
40.993424
40.994630
40.994952
41.233034
41.472653
41.707420
41.954043
42.203935
42.455261
42.706927
42.958500
43.209575
43.460144
43.637241
43.787371
43.945977
43.985208
43.991832
43.996569
43.999490
43.994785
44.233573
44.474453
44.718245
44.965366
45.214378
45.464469
45.715255
45.966063
46.216663
46.471771
46.639546
46.796154
46.948864
46.957276
46.964234
46.969187
46.972179
47.211818
47.452163
47.688062
47.941226
48.183820
48.438849
48.688656
48.938516
49.188451
49.438479
49.645438
49.811425
49.967526
50.016003
50.019526
50.027407
50.028660
50.271105
50.509358
50.752128
51.001939
51.244796
51.493672
51.743853
51.999161
52.245065
52.499617
52.745534
52.954279
53.117146
53.164326
53.175760
53.181251
53.183631
53.186216
53.425166
53.665513
53.908267
54.153723
54.401436
54.642736
54.894050
55.146758
55.399381
55.651227
55.902344
56.152930
56.342067
56.381764
56.391509
56.398052
56.401607
56.402949
56.402958
56.402355
56.639266
56.878442
57.120993
57.366839
57.615182
57.865077
58.115730
58.366602
58.617400
58.868007
59.118413
59.368660
59.562814
59.612872
59.622473
59.628954
59.632494
59.633839
59.633852
59.633247
59.632497
59.869524
60.109047
60.352008
60.598213
60.846811
61.096848
61.347545
61.598389
61.849111
62.099616
62.349912
62.600050
62.771311
62.818919
62.828102
62.834193
62.837438
62.838600
62.838524
62.837896
62.837161
62.836553
62.836146
63.073600
63.313558
63.556874
63.803322
64.052057
64.302147
64.552841
64.803649
65.054318
65.304765
65.555004
65.799771
65.940025
65.958095
65.966449
65.971652
65.974169
65.974847
65.974516
65.973799
65.973074
65.972519
65.972175
65.972011
65.971970
65.971996
65.972047
66.209771
66.449878
66.693259
66.939723
67.188449
67.438520
67.689193
67.939980
68.190630
68.441059
68.691281
68.885315
68.967276
68.977074
68.983878
68.987733
68.989308
68.989456
68.988909
68.988173
68.987525
68.987074
68.986821
68.986721
68.986716
68.986758
68.986811
68.986858
68.986892
69.224585
69.464671
69.708045
69.954510
70.203243
70.453320
70.703998
70.954786
71.205435
71.455860
71.693205
71.789964
71.800537
71.808101
71.812535
71.814469
71.814786
71.814281
71.813517
71.812817
71.812312
71.812020
71.811896
71.811880
71.811918
71.811974
71.812024
71.812061
71.812084
71.812095
71.812100
71.812100
71.812100
72.049772
72.289852
72.533229
72.779702
73.028442
73.278525
73.529205
73.779995
74.030643
74.273803
74.358676
74.369290
74.376794
74.381128
74.382964
74.383208
74.382659
74.381874
74.381168
74.380667
74.380381
74.380262
74.380251
74.380292
74.380348
74.380398
74.380434
74.380456
74.380467
74.380470
74.380470
74.380469
74.380468
74.380468
74.380469
74.618144
74.858226
75.101606
75.348080
75.596821
75.846906
76.097586
76.348375
76.572243
76.622362
76.632504
76.639360
76.643092
76.644492
76.644479
76.643817
76.643013
76.642335
76.641878
76.641631
76.641542
76.641547
76.641595
76.641652
76.641700
76.641733
76.641751
76.641760
76.641761
76.641760
76.641759
76.641758
76.641758
76.641759
76.641761
76.641763
76.879438
77.119520
77.362900
77.609375
77.858116
78.108200
78.358881
78.531602
78.543785
78.553043
78.558860
78.561702
78.562491
78.562143
78.561353
78.560546
78.559925
78.559538
78.559351
78.559303
78.559330
78.559386
78.559442
78.559486
78.559514
78.559528
78.559533
78.559534
78.559532
78.559530
78.559529
78.559529
78.559530
78.559532
78.559534
78.559536
78.559538
78.797212
79.037294
79.280674
79.527149
79.775890
80.024736
80.082404
80.093548
80.101420
80.105937
80.107827
80.108053
80.107455
80.106619
80.105873
80.105346
80.105046
80.104923
80.104911
80.104955
80.105013
80.105065
80.105102
80.105124
80.105134
80.105136
80.105135
80.105132
80.105130
80.105129
80.105130
80.105131
80.105132
80.105134
80.105136
80.105137
80.105139
80.342813
80.582894
80.826273
81.072748
81.227727
81.239189
81.248488
81.254677
81.257955
81.259105
81.258998
81.258335
81.257573
81.256947
81.256534
81.256317
81.256243
81.256253
81.256300
81.256353
81.256396
81.256425
81.256441
81.256447
81.256447
81.256446
81.256443
81.256441
81.256441
81.256441
81.256442
81.256443
81.256444
81.256445
81.256447
81.256448
81.494121
81.734202
81.953422
81.973242
81.981682
81.988230
81.992352
81.994371
81.994936
81.994694
81.994137
81.993567
81.993127
81.992852
81.992720
81.992684
81.992702
81.992741
81.992781
81.992811
81.992830
81.992840
81.992843
81.992843
81.992841
81.992839
81.992838
81.992837
81.992837
81.992838
81.992839
81.992840
81.992841
81.992842
82.230515
82.268227
82.271883
82.275469
82.278196
82.279876
82.280672
82.280869
82.280743
82.280497
82.280255
82.280072
82.279960
82.279908
82.279896
82.279905
82.279923
82.279940
82.279952
82.279960
82.279964
82.279965
82.279965
82.279964
82.279964
82.279963
82.279963
82.279963
82.279964
82.279964
82.279964
82.279965
82.279965
82.101481
82.099672
82.097196
82.094871
82.093169
82.092161
82.091714
82.091633
82.091741
82.091910
82.092067
82.092182
82.092249
82.092279
82.092284
82.092277
82.092265
82.092254
82.092247
82.092242
82.092240
82.092240
82.092240
82.092241
82.092241
82.092242
82.092242
82.092242
82.092242
82.092241
81.854569
81.614488
81.504713
81.497264
81.490456
81.485491
81.482560
81.481268
81.481043
81.481364
81.481861
81.482321
81.482655
81.482850
81.482935
81.482949
81.482926
81.482891
81.482860
81.482837
81.482823
81.482817
81.482815
81.482816
81.482818
81.482819
81.482820
81.482820
81.245148
81.005066
80.761686
80.639843
80.630035
80.621760
80.616082
80.612957
80.611758
80.611735
80.612262
80.612917
80.613475
80.613856
80.614063
80.614141
80.614140
80.614103
80.614058
80.614019
80.613992
80.613977
80.613971
80.613969
80.613971
80.613973
80.376302
80.136221
79.892840
79.776153
79.766396
79.758192
79.752581
79.749505
79.748336
79.748326
79.748856
79.749508
79.750062
79.750438
79.750642
79.750718
79.750716
79.750678
79.750632
79.750593
79.750566
79.750551
79.750544
79.750543
79.750544
79.512874
79.350039
79.293467
79.287618
79.282543
79.278996
79.277001
79.276199
79.276141
79.276440
79.276834
79.277177
79.277415
79.277547
79.277599
79.277601
79.277579
79.277551
79.277526
79.277508
79.277498
79.277493
79.277491
79.277491
79.199308
79.198514
79.197426
79.196405
79.195657
79.195214
79.195018
79.194984
79.195032
79.195108
79.195178
79.195229
79.195258
79.195271
79.195273
79.195269
79.195262
79.195257
79.195252
79.195249
79.195247
79.195246
79.195245
79.195244
79.195245
79.195242
79.195238
79.195234
79.195232
79.195232
79.195233
79.195235
79.195238
79.195240
79.195243
79.195244
79.195246
79.195246
79.195246
79.195246
79.195245
79.195245
79.195244
79.195243
79.195243
79.195242
79.195242
79.195241
79.195242
79.195239
79.195235
79.195232
79.195231
79.195231
79.195233
79.195235
79.195239
79.195242
79.195245
79.195247
79.195248
79.195249
79.195250
79.195250
79.195250
79.195249
79.195249
79.195248
79.195248
79.195247
79.195247
79.195247
79.195247
79.195248
79.195245
79.195242
79.195239
79.195237
79.195238
79.195239
79.195242
79.195245
79.195249
79.195251
79.195253
79.195255
79.195256
79.195256
79.195256
79.195256
79.195256
79.195255
79.195254
79.195254
79.195254
79.195253
79.195253
79.195253
79.195254
79.195251
79.195247
79.195243
79.195241
79.195241
79.195243
79.195246
79.195249
79.195253
79.195256
79.195258
79.195260
79.195261
79.195261
79.195261
79.195260
79.195259
79.195259
79.195258
79.195257
79.195256
79.195256
79.195255
79.195255
79.195255
79.195255
79.195252
79.195247
79.195242
79.195240
79.195240
79.195242
79.195245
79.195249
79.195253
79.195256
79.195259
79.195261
79.195262
79.195262
79.195262
79.195261
79.195260
79.195259
79.195258
79.195257
79.195256
79.195255
79.195255
79.195254
79.195254
79.195253
79.195254
79.195250
79.195244
79.195239
79.195236
79.195235
79.195238
79.195241
79.195246
79.195251
79.195255
79.195258
79.195260
79.195262
79.195262
79.195262
79.195261
79.195260
79.195259
79.195257
79.195256
79.195255
79.195254
79.195254
79.195253
79.195252
79.195252
79.195253
79.195248
79.195241
79.195234
79.195230
79.195230
79.195233
79.195238
79.195244
79.195249
79.195255
79.195259
79.195262
79.195263
79.195264
79.195264
79.195263
79.195262
79.195260
79.195259
79.195257
79.195256
79.195255
79.195254
79.195253
79.195253
79.195252
79.195252
79.195253
79.195247
79.195238
79.195230
79.195226
79.195225
79.195229
79.195235
79.195242
79.195249
79.195255
79.195261
79.195264
79.195267
79.195267
79.195267
79.195266
79.195264
79.195263
79.195261
79.195260
79.195258
79.195257
79.195256
79.195255
79.195254
79.195254
79.195253
79.195254
79.195247
79.195236
79.195226
79.195220
79.195220
79.195224
79.195231
79.195240
79.195249
79.195257
79.195264
79.195268
79.195271
79.195272
79.195272
79.195270
79.195269
79.195266
79.195264
79.195262
79.195261
79.195259
79.195258
79.195257
79.195256
79.195255
79.195254
79.195256
79.195247
79.195233
79.195220
79.195213
79.195212
79.195217
79.195226
79.195237
79.195249
79.195259
79.195267
79.195273
79.195276
79.195278
79.195277
79.195276
79.195273
79.195271
79.195268
79.195266
79.195263
79.195261
79.195260
79.195259
79.195257
79.195256
79.195256
79.195257
79.195246
79.195230
79.195215
79.195206
79.195205
79.195211
79.195222
79.195235
79.195248
79.195260
79.195270
79.195277
79.195280
79.195282
79.195281
79.195280
79.195277
79.195274
79.195271
79.195268
79.195265
79.195263
79.195261
79.195260
79.195258
79.195257
79.195256
79.195258
79.205111
79.205196
79.205320
79.205441
79.205535
79.205597
79.205631
79.205647
79.205652
79.205653
79.205652
79.205651
79.205651
79.205650
79.205649
79.205648
79.205646
79.205644
79.205642
79.205639
79.205637
79.205635
79.205634
79.205632
79.205631
79.205630
79.205629
79.341724
79.465655
79.535778
79.539919
79.543737
79.546547
79.548224
79.548980
79.549131
79.548969
79.548701
79.548450
79.548265
79.548157
79.548108
79.548099
79.548110
79.548127
79.548143
79.548153
79.548159
79.548161
79.548160
79.548158
79.548156
79.548154
79.548153
79.548152
79.785824
80.025896
80.168656
80.298599
80.318058
80.325257
80.330249
80.333042
80.334155
80.334227
80.333803
80.333250
80.332771
80.332440
80.332256
80.332185
80.332182
80.332211
80.332248
80.332280
80.332301
80.332313
80.332317
80.332317
80.332315
80.332312
80.332310
80.332309
80.569981
80.810056
81.017750
81.147805
81.188651
81.196897
81.202785
81.206205
81.207671
81.207885
81.207470
81.206864
81.206315
81.205923
81.205698
81.205603
81.205591
81.205620
81.205662
81.205699
81.205726
81.205741
81.205748
81.205750
81.205748
81.205746
81.205745
81.443416
81.683493
81.830164
81.882615
81.890384
81.896450
81.900317
81.902247
81.902822
81.902635
81.902141
81.901622
81.901217
81.900960
81.900834
81.900799
81.900813
81.900848
81.900884
81.900912
81.900930
81.900939
81.900942
81.900942
81.900941
81.900939
81.900939
82.113971
82.191856
82.195579
82.199404
82.202423
82.204350
82.205314
82.205603
82.205511
82.205266
82.205009
82.204807
82.204680
82.204617
82.204599
82.204607
82.204625
82.204643
82.204657
82.204666
82.204671
82.204673
82.204673
82.204673
82.204672
82.204672
82.204672
81.974930
81.930850
81.927240
81.923668
81.920934
81.919238
81.918427
81.918219
81.918339
81.918582
81.918825
81.919010
81.919123
81.919178
81.919191
81.919183
81.919166
81.919150
81.919138
81.919130
81.919126
81.919125
81.919126
81.919127
81.919128
81.919304
81.919389
81.681731
81.441620
81.198187
81.024570
80.894032
80.858980
80.850683
80.845140
80.842173
80.841104
80.841166
80.841352
80.842321
80.843223
80.843884
80.844277
80.842838
80.842458
80.842655
80.842911
80.843138
80.843301
80.843395
80.843436
80.843442
80.843531
80.843398
80.843374
80.843368
80.843372
80.843379
80.843386
80.843392
80.843396
80.843399
80.843400
80.843401
80.605729
80.365649
80.122270
79.875797
79.627057
79.376973
79.126293
79.072733
79.061759
79.054158
79.049896
79.047281
79.047522
79.048648
79.049914
79.050945
79.051758
79.051942
79.049557
79.049604
79.050005
79.050435
79.050775
79.050990
79.051097
79.050814
79.051171
79.051162
79.051126
79.051083
79.051045
79.051017
79.051001
79.050993
79.050991
79.050992
79.050993
78.813322
78.573242
78.329862
78.083391
77.834645
77.584557
77.333874
77.097598
77.054774
77.044331
77.037272
77.033436
77.032009
77.032028
77.032714
77.033545
77.034245
77.034557
77.034999
77.035106
77.035099
77.035039
77.034968
77.034909
77.034869
77.034953
77.035101
77.035018
77.034274
77.034400
77.034535
77.034669
77.034771
77.034834
77.034863
77.034910
77.035425
76.798173
76.557387
76.312946
76.066407
75.817547
75.567742
75.317352
75.162539
75.150668
75.141718
75.136146
75.133462
75.132755
75.133129
75.133913
75.134699
75.135300
75.135549
75.135863
75.135924
75.135894
75.135827
75.135761
75.135710
75.135678
75.135661
75.135434
75.135698
75.135717
75.135715
75.135702
75.135685
75.135670
75.135660
75.135653
75.135649
74.897975
74.657892
74.414511
74.167272
73.918818
73.669120
73.440170
73.361873
73.351095
73.341635
73.337543
73.335659
73.335752
73.336629
73.337655
73.338506
73.339072
73.339372
73.339424
73.339473
73.339417
73.339345
73.339282
73.339238
73.339213
73.339202
73.339003
73.339241
73.339256
73.339256
73.339246
73.339232
73.339219
73.339209
73.339282
73.102053
72.862333
72.618311
72.370649
72.121942
71.872104
71.683028
71.610085
71.599896
71.592882
71.588965
71.587465
71.587603
71.587844
71.588844
71.589203
71.589669
71.589984
71.590419
71.590963
71.589791
71.589779
71.589796
71.589862
71.589936
71.589996
71.589968
71.590070
71.590071
71.590066
71.590058
71.590049
71.590040
71.352360
71.112271
70.868883
70.622398
70.373648
70.123557
69.962842
69.876054
69.865985
69.859085
69.855241
69.853726
69.853653
69.854263
69.855044
69.855718
69.856182
69.856438
69.856537
69.856767
69.856448
69.856379
69.856334
69.856314
69.856310
69.856315
69.856559
69.856285
69.856261
69.856268
69.856287
69.618633
69.378556
69.135167
68.887606
68.639155
68.401446
68.267149
68.145988
68.136262
68.129420
68.123454
68.121833
68.121995
68.122912
68.123959
68.130461
68.121374
68.122703
68.124004
68.125574
68.125874
68.124462
68.127011
68.124279
68.124456
68.127008
68.127009
68.126545
67.883593
67.640951
67.403595
67.158270
66.909943
66.732591
66.596083
66.460159
66.424320
66.417335
66.413057
66.411038
66.410551
66.410891
66.411536
66.412170
66.412647
66.412937
66.413071
66.413371
66.413020
66.412948
66.412902
66.412881
66.175484
65.931009
65.692538
65.445763
65.235277
65.096763
64.958054
64.819869
64.778079
64.771653
64.767626
64.765657
64.765121
64.765382
64.765955
64.766538
64.784331
64.769056
64.769066
64.769076
64.519255
64.269262
64.019267
63.825858
63.658695
63.550814
63.410638
63.266479
63.252715
63.243486
63.237400
63.234236
63.233192
63.233386
63.234112
63.234912
63.235554
63.235967
62.998477
62.758295
62.561955
62.419823
62.275820
62.129360
61.984720
61.846242
61.840645
61.836196
61.831751
61.828849
61.826481
61.826278
61.826808
61.590253
61.400691
61.256033
61.108286
60.957981
60.807287
60.655714
60.549235
60.543108
60.538086
60.534498
60.532267
60.531110
60.530676
60.306977
60.157154
60.006276
59.853854
59.698470
59.542868
59.382298
59.333877
59.328500
59.324047
59.320858
59.079233
58.907820
58.749154
58.588847
58.427100
58.263696
58.179629
58.173346
58.168435
58.165118
58.163218
57.923481
57.680232
57.441430
57.277837
57.113581
57.052011
57.044624
57.038758
57.034115
57.031337
57.028990
56.791944
56.557922
56.303210
56.056677
55.915056
55.913293
55.908347
55.890039
55.903512
55.879440
55.879548
55.643476
55.405938
55.164809
54.920118
54.717400
54.705892
54.696080
54.688848
54.684824
54.683194
54.683040
54.683615
54.446654
54.207047
53.963859
53.715702
53.512326
53.428576
53.418407
53.410640
53.405686
53.405048
53.407321
53.416014
53.160469
52.920974
52.676730
52.432003
52.238310
52.099083
52.081278
52.073629
52.068103
52.068597
52.064898
52.064879
52.064872
51.821131
51.565068
51.338513
51.095385
50.910686
50.770617
50.719419
50.710274
50.703777
50.700367
50.700268
50.698507
50.701845
50.461747
50.222160
49.979290
49.733224
49.579172
49.439483
49.392063
49.383367
49.377935
49.375173
49.374312
49.376482
49.376510
49.375072
49.375230
49.138187
48.898554
48.655428
48.446694
48.306715
48.176562
48.166725
48.159435
48.155002
48.155938
48.152635
48.152794
48.154297
48.154515
48.155511
47.916927
47.676679
47.449877
47.311253
47.171337
47.123568
47.115777
47.110532
47.107707
47.112706
47.106293
47.104505
47.103770
47.103803
47.107786
47.110078
46.872644
46.665648
46.529602
46.391601
46.321482
46.313720
46.308401
46.305312
46.303493
46.303399
46.303691
46.306052
46.303653
46.305026
46.305505
46.306922
46.305659
46.067920
45.827688
45.689793
45.551138
45.412435
45.384212
45.377640
45.373242
45.370022
45.376955
45.373152
45.373169
45.373179
45.364971
45.371286
45.367003
45.367643
45.369001
45.132613
44.893295
44.650198
44.402511
44.260215
44.118901
43.978266
43.933277
43.925599
43.925580
43.914986
43.920975
43.918678
43.918463
43.919592
43.922593
43.925275
43.920980
43.926359
43.680593
43.440417
43.197278
42.951342
42.703069
42.468634
42.324460
42.180805
42.038285
41.996925
41.990585
41.988671
41.984487
41.983904
41.984304
41.988787
41.989585
41.989696
41.989667
41.744363
41.504402
41.261722
41.016044
40.767934
40.518207
40.266986
40.073726
39.928589
39.784486
39.641869
39.634588
39.631774
39.625670
39.624486
39.624431
39.631714
39.628141
39.628804
39.629413
39.386471
39.143943
38.903642
38.657483
38.408896
38.158650
37.907739
37.656550
37.454511
37.307395
37.161694
37.016500
36.973911
36.970841
36.965359
36.962391
36.961143
36.960985
36.962276
36.961892
36.724590
36.484290
36.240193
35.992757
35.769091
35.622385
35.475426
35.327816
35.181538
35.036086
34.991376
34.986837
34.983510
34.982739
34.976760
34.977072
34.973983
34.976720
34.981177
34.981808
34.987306
34.991901
34.827452
34.752716
34.613206
34.461164
34.329400
34.188746
34.042118
33.932964
33.928336
33.925141
33.922960
33.921072
33.920003
33.919494
33.919607
33.915762
33.924048
33.907058
33.907252
33.908528
33.910379
33.925622
33.902936
33.892971
33.778720
33.648616
33.506590
33.361273
33.211757
33.170072
33.158979
33.150218
33.147418
33.147797
33.148444
33.149193
33.149814
33.150564
33.146983
33.155853
33.138004
33.138010
33.139150
33.140963
33.155246
33.152537
33.060674
32.908187
32.779239
32.629853
32.527529
32.519730
32.512598
32.507418
32.504719
32.504021
32.503612
32.504253
32.504639
32.505180
32.506195
32.496912
32.525070
32.486478
32.486831
32.464399
32.453552
32.314765
32.145703
32.013802
31.863597
31.777366
31.770024
31.762319
31.756034
31.751745
31.750515
31.751522
31.752850
31.753847
31.753118
31.754843
31.753823
31.755062
31.752391
31.774961
31.732108
31.661643
31.600864
31.453520
31.308004
31.143945
31.008405
30.950232
30.943148
30.937293
30.933850
30.932789
30.932893
30.932997
30.933332
30.933727
30.934066
30.934217
30.934318
30.934581
30.932784
30.928014
30.932652
30.844791
30.726339
30.586615
30.445858
30.302875
30.142844
30.143731
30.149154
30.149756
30.146724
30.144094
30.142281
30.140361
30.140555
30.141078
30.141623
30.141305
30.141425
30.141545
30.145586
30.131619
30.151004
30.136503
30.075757
29.924524
29.792003
29.646312
29.520055
29.451237
29.452404
29.453942
29.460231
29.454536
29.455086
29.455601
29.454699
29.454009
29.453645
29.453580
29.453630
29.454072
29.454275
29.455259
29.454642
29.461367
29.447797
29.408905
29.272077
29.144038
29.015019
28.924477
28.924067
28.897254
28.900768
28.913747
28.915563
28.913999
28.912356
28.910786
28.909215
28.909216
28.907954
28.907365
28.907267
28.910271
28.916361
28.918445
28.914646
28.914074
28.880895
28.755066
28.719879
28.718304
28.718179
28.718667
28.717856
28.720203
28.722237
28.721634
28.720867
28.720014
28.719488
28.719518
28.720118
28.720724
28.720468
28.719463
28.718921
28.718579
28.716997
28.715887
28.716389
28.716933
28.742811
28.849508
28.846931
28.822373
28.822269
28.825236
28.816017
28.832859
28.825329
28.841844
28.841968
28.841533
28.840313
28.839100
28.838557
28.837788
28.837131
28.836800
28.836676
28.834429
28.834923
28.835637
28.834075
28.827404
28.832913
28.803374
28.808676
28.811458
28.795928
28.810437
28.811479
28.811361
28.811048
28.810814
28.810459
28.810223
28.810101
28.809913
28.809814
28.809780
28.809775
28.808734
28.806314
28.807308
28.711287
28.584477
28.457397
28.416344
28.412407
28.413364
28.391166
28.394163
28.397076
28.399580
28.403591
28.402156
28.402293
28.402652
28.401710
28.401583
28.401430
28.401437
28.401766
28.402193
28.406294
28.397033
28.397079
28.162874
28.034953
27.899354
27.784575
27.779870
27.776409
27.762346
27.764003
27.767284
27.769741
27.769940
27.769824
27.769617
27.769438
27.769319
27.769264
27.769254
27.769266
27.769284
27.769297
27.771032
27.762150
27.763017
27.531579
27.343663
27.199456
27.090320
27.083225
27.081366
27.066238
27.066743
27.069996
27.066571
27.065781
27.068884
27.069451
27.069991
27.069893
27.070040
27.070158
27.070278
27.070360
27.070396
27.070830
27.079199
27.068099
26.829426
26.594910
26.416489
26.290702
26.279604
26.274043
26.271946
26.264373
26.263686
26.265150
26.262813
26.263394
26.264173
26.264747
26.265282
26.265646
26.265831
26.265883
26.265856
26.265796
26.265730
26.268485
26.272319
26.270098
26.022579
25.782027
25.541079
25.403363
25.343971
25.335612
25.329709
25.327862
25.324299
25.323890
25.324431
25.325163
25.325942
25.326550
25.326936
25.327123
25.327191
25.327189
25.327153
25.327110
25.327073
25.327047
25.327030
25.326637
25.326564
25.088841
24.848648
24.605267
24.384981
24.279855
24.269267
24.261004
24.258348
24.254238
24.253454
24.250550
24.251590
24.252909
24.254133
24.255018
24.255534
24.255756
24.255785
24.255716
24.255622
24.255536
24.255473
24.255435
24.255417
24.255004
24.252880
24.255450
24.017905
23.779874
23.519908
23.277578
23.194584
23.185000
23.175720
23.169746
23.164416
23.161457
23.163891
23.161190
23.161976
23.162903
23.163721
23.164291
23.164609
23.164689
23.164651
23.164591
23.164555
23.164531
23.164515
23.164505
23.165388
23.168328
23.166985
22.923714
22.683559
22.442200
22.211619
22.164582
22.161743
22.155084
22.150054
22.146970
22.145723
22.145214
22.145447
22.145907
22.146270
22.146582
22.146796
22.146927
22.146989
22.147000
22.146985
22.146963
22.146938
22.146920
22.146909
22.146903
22.146901
22.149550
22.151971
22.151976
21.903704
21.663625
21.422417
21.164491
20.998271
20.997637
20.989396
20.982514
20.977870
20.976521
20.975069
20.975010
20.973320
20.974109
20.974966
20.975721
20.976235
20.976517
20.976624
20.976622
20.976570
20.976135
20.976072
20.976097
20.976088
20.976192
20.976293
20.976363
20.977117
20.981400
20.974347
20.735772
20.496748
20.252515
19.996419
19.770540
19.719842
19.716458
19.708580
19.703055
19.699723
19.699213
19.699582
19.697590
19.700408
19.698633
19.699273
19.699843
19.700279
19.700552
19.700682
19.700715
19.700693
19.700650
19.700411
19.700337
19.700357
19.700359
19.700410
19.700467
19.700513
19.701045
19.703090
19.699409
19.459952
19.222019
18.979463
18.721033
18.619524
18.606234
18.601381
18.595337
18.591534
18.589668
18.589140
18.589989
18.590890
18.589243
18.591497
18.589829
18.590184
18.590525
18.590807
18.590998
18.591100
18.591135
18.591131
18.591108
18.591082
18.590760
18.590713
18.590778
18.590811
18.590892
18.590956
18.591281
18.591599
18.590377
18.591454
18.352704
18.112804
17.869663
17.667421
17.668173
17.659945
17.653323
17.648975
17.646712
17.645952
17.646068
17.646561
17.647110
17.647338
17.647435
17.648092
17.648174
17.648150
17.648078
17.647994
17.647929
17.647887
17.647866
17.647859
17.647861
17.647866
17.647871
17.647875
17.647879
17.647881
17.647876
17.647872
17.647868
17.647856
17.648954
17.647469
17.647392
17.409783
17.169840
16.924665
16.880700
16.879398
16.873042
16.868020
16.865263
16.864016
16.863788
16.864087
16.864558
16.864967
16.865278
16.865081
16.864995
16.865492
16.865499
16.865408
16.865347
16.865383
16.865406
16.865432
16.865450
16.865459
16.865462
16.865462
16.865459
16.865456
16.865453
16.865451
16.865449
16.865444
16.865441
16.865439
16.865347
16.866761
16.865344
16.866971
16.863890
16.624001
16.385658
16.265760
16.266237
16.259515
16.254716
16.251380
16.249530
16.248834
16.248838
16.249165
16.249562
16.249829
16.249987
16.249984
16.249953
16.250324
16.250349
16.249971
16.249891
16.249956
16.249966
16.250054
16.250117
16.250163
16.250189
16.250198
16.250198
16.250193
16.250187
16.250181
16.250175
16.250174
16.250170
16.250169
16.250168
16.249980
16.145129
16.144096
16.069873
15.951592
15.828708
15.822996
15.821205
15.814660
15.810350
15.808981
15.809263
15.811404
15.813482
15.815059
15.816135
15.816639
15.817809
15.816841
15.809712
15.812254
15.823606
15.810356
15.810476
15.810353
15.811237
15.812188
15.812963
15.813489
15.813794
15.813944
15.814005
15.814026
15.814036
15.814048
15.814147
15.814251
15.814340
15.813543
15.813854
15.814253
15.814603
15.814855
15.815914
15.820784
15.813176
15.598285
15.594770
15.592572
15.590533
15.587505
15.587898
15.588610
15.587924
15.587907
15.587985
15.588100
15.588212
15.588305
15.587665
15.584166
15.589518
15.589346
15.589314
15.589146
15.588958
15.588811
15.588722
15.588690
15.588477
15.588543
15.588598
15.588683
15.588759
15.588826
15.588877
15.588922
15.588953
15.588979
15.589004
15.589029
15.589054
15.589080
15.589105
15.589129
15.590586
15.593006
15.591730
15.588421
15.591733
15.585100
15.590287
15.587984
15.589023
15.590217
15.591552
15.621218
15.621885
15.622349
15.622646
15.622744
15.622752
15.622717
15.622253
15.620587
15.621216
15.623453
15.623479
15.623331
15.623088
15.622854
15.622676
15.622561
15.622499
15.622470
15.622458
15.622297
15.622304
15.622117
15.622115
15.622179
15.622253
15.622302
15.622320
15.622312
15.622069
15.622063
15.622084
15.622105
15.622113
15.622106
15.622086
15.622059
15.622028
15.621995
15.621953
15.621937
15.622154
15.621809
15.621756
15.621741
15.621743
15.621747
15.621745
15.621528
15.384486
15.143931
14.998547
14.990708
14.983403
14.977978
14.974710
14.973214
14.972621
14.973182
14.973679
14.974165
14.974523
14.974733
14.974823
14.974833
14.974802
14.974758
14.974716
14.974685
14.974664
14.974548
14.974502
14.974527
14.974552
14.974586
14.974615
14.974633
14.974643
14.974646
14.974646
14.974606
14.974548
14.974567
14.974596
14.974626
14.974648
14.974661
14.974667
14.974670
14.974525
14.974135
14.974084
14.974066
14.974897
14.974110
14.974352
14.974478
14.974589
14.974668
14.736548
14.488782
14.254702
14.032211
14.021321
14.011148
14.003574
13.999004
13.996912
13.996465
13.996449
13.997951
13.998035
13.998686
13.999042
13.999229
13.999296
13.999292
13.999257
13.999217
13.999184
13.999165
13.999156
13.999156
13.999135
13.999136
13.999148
13.999168
13.999178
13.999187
13.999193
13.999198
13.999202
13.999206
13.998942
13.998876
13.998994
13.999077
13.999152
13.999201
13.999228
13.999240
13.999243
13.999241
13.999333
13.998741
13.998675
13.999529
13.998739
13.998274
13.998869
13.998641
13.998909
13.999087
13.761534
13.521204
13.267235
13.093035
13.083566
13.074226
13.066976
13.062417
13.060188
13.059566
13.059836
13.060454
13.061041
13.061579
13.061885
13.062034
13.062072
13.062050
13.062005
13.061959
13.061923
13.061901
13.061889
13.061885
13.061884
13.061885
13.061624
13.061561
13.061667
13.061696
13.061760
13.061815
13.061852
13.061871
13.061878
13.061877
13.061872
13.061684
13.061609
13.061697
13.061757
13.061809
13.061842
13.061858
13.061862
13.061859
13.061853
13.061847
13.061882
13.061450
13.061294
13.061361
13.061362
13.061093
13.061303
13.061495
13.061662
12.824106
12.584089
12.340733
12.102091
12.095113
12.084231
12.076936
12.072575
12.070616
12.070234
12.070673
12.071387
12.072058
12.072549
12.072841
12.072922
12.072985
12.072964
12.072916
12.072870
12.072835
12.072813
12.072803
12.072800
12.072801
12.072803
12.072805
12.072807
12.072807
12.072807
12.072631
12.072552
12.072349
12.072349
12.072524
12.072649
12.072744
12.072798
12.072822
12.072827
12.072821
12.072563
12.072487
12.072596
12.072671
12.072736
12.072778
12.072801
12.072810
12.072809
12.072805
12.072800
12.072797
12.072794
12.072535
12.072710
12.072491
12.072302
12.072716
12.072482
12.072614
11.894627
11.892882
11.890449
11.888150
11.886460
11.885143
11.885269
11.884577
11.884833
11.885052
11.885264
11.885422
11.885518
11.885561
11.885570
11.885562
11.885547
11.885533
11.885375
11.885489
11.885515
11.885520
11.885522
11.885521
11.885521
11.885520
11.885519
11.885519
11.885519
11.885519
11.885519
11.885519
11.885520
11.885358
11.884944
11.884968
11.885165
11.885232
11.885402
11.885501
11.885556
11.885575
11.885573
11.885196
11.885124
11.885261
11.885361
11.885445
11.885501
11.885530
11.885541
11.885540
11.885535
11.885529
11.885524
11.885521
11.885519
11.885519
11.885275
11.885315
11.885145
11.885415
11.885445
11.885480
12.123178
12.346338
12.458718
12.465945
12.472548
12.476172
12.481064
12.482452
12.481589
12.481165
12.480688
12.480310
12.480068
12.479948
12.479914
12.479928
12.479960
12.479994
12.479647
12.479856
12.480146
12.480158
12.480137
12.480105
12.480075
12.480054
12.480042
12.480037
12.480037
12.480040
12.480043
12.479644
12.479537
12.479475
12.717014
12.957126
13.200582
13.447138
13.696100
13.793276
13.804724
13.812428
13.817770
13.820518
13.821420
13.821280
13.820700
13.820073
13.819588
13.819299
13.819182
13.819186
13.819257
13.819349
13.818537
13.819492
13.819314
13.819374
13.819494
13.819631
13.819755
13.819856
13.819935
13.819766
13.820049
13.820268
13.820029
13.819834
14.057659
14.297837
14.541306
14.787825
15.036583
15.286668
15.536248
15.783565
15.829910
15.840441
15.847679
15.851666
15.853229
15.853312
15.852700
15.851928
15.851279
15.850853
15.850644
15.850597
15.850649
15.850745
15.850852
15.850949
15.851031
15.851096
15.851157
15.851202
15.851245
16.088917
16.328878
16.572389
16.818801
17.067655
17.322077
17.577761
17.824138
18.099233
18.349245
18.483198
18.483289
18.483290
18.483290
18.483291
18.452762
18.469055
18.472279
18.476441
18.479562
18.484161
18.487860
18.489425
18.490065
18.490182
18.489175
18.488907
18.726566
18.966681
19.210103
19.457168
19.705520
19.955360
20.205862
20.456541
20.707127
20.957521
21.207792
21.457664
21.625330
21.628652
21.636513
21.641921
21.644068
21.645464
21.645826
21.645495
21.645087
21.644492
21.881895
22.121757
22.364397
22.613689
22.871295
23.117718
23.354049
23.616979
23.854731
24.105835
24.369023
24.608303
24.858765
25.109868
25.235166
25.247130
25.255762
25.261067
25.263421
25.263972
25.501885
25.742866
25.983043
26.227546
26.475413
26.741334
26.975004
27.256210
27.479909
27.714240
27.965640
28.219527
28.473757
28.727152
28.960190
28.992821
29.003112
29.009352
29.250451
29.491429
29.734603
29.980450
30.227931
30.477542
30.727663
30.978253
31.228892
31.479400
31.729732
31.979940
32.230099
32.480258
32.647838
32.658910
32.667575
32.910763
33.153861
33.396721
33.651113
33.891352
34.139592
34.389717
34.640622
34.891665
35.142532
35.393223
35.644059
35.893350
36.143276
36.389350
36.656226
36.900518
37.145275
37.398182
37.627781
37.879135
38.132375
38.384414
38.637535
38.889966
39.143516
39.386725
39.635584
39.907250
40.134848
40.416126
40.629891
40.887934
41.129971
41.381039
41.634524
41.887497
42.139512
42.388943
42.639984
42.898220
43.147608
43.416046
43.647685
43.916046
44.138697
44.384197
44.613453
44.873219
45.126102
45.380694
45.635765
45.888798
46.141812
46.414101
46.657799
46.884980
47.135531
47.386007
47.637396
47.888863
48.135001
48.386759
48.638423
48.889773
49.140665
49.391039
49.641125
49.891054
50.140907
50.390773
50.640671
50.890585
51.140332
51.390210
51.640381
51.890363
52.139540
52.390742
52.640808
52.890764
53.140675
53.390746
53.640407
53.890328
54.139934
54.389992
54.639972
54.889958
55.140184
55.390183
55.640405
55.890080
56.140275
56.389975
56.639953
56.890318
57.145545
57.415641
57.631758
57.892229
58.129616
58.380941
58.633736
58.886574
59.137845
59.389298
59.640196
59.889262
60.139385
60.389380
60.641170
60.895375
61.143140
61.391416
61.640272
61.882380
62.133527
62.385326
62.636431
62.887934
63.138813
63.388839
63.649579
63.896672
64.144035
64.381808
64.632089
64.883968
65.135605
65.398232
65.665399
65.878315
66.144166
66.375421
66.627329
66.880685
67.134133
67.386798
67.638471
67.888234
68.138576
68.388524
68.636624
68.888764
69.138785
69.388653
69.637621
69.887825
70.137172
70.386164
70.636597
70.886187
71.136824
71.387182
71.637392
71.887508
72.137551
72.387548
72.636011
72.886077
73.136014
73.383542
73.636481
73.887588
74.130851
74.381637
74.633307
74.883172
75.134530
75.385381
75.634829
75.871885
76.028317
76.183796
75.955523
75.724458
75.452589
75.202602
74.976815
74.735927
74.577582
74.466362
74.212899
73.959744
73.705934
73.454957
73.204765
72.954664
72.705242
72.455869
72.205546
71.955952
71.704548
71.454765
71.203807
70.953855
70.713234
70.453110
70.214153
69.950071
69.699930
69.449645
69.200952
68.953434
68.706774
68.453585
68.202455
67.952293
67.702166
67.452127
67.203916
66.955878
66.704805
66.453292
66.200092
65.950790
65.701194
65.451835
65.196774
64.988339
64.725130
64.466668
64.211291
63.919278
63.715130
63.421793
63.181987
62.937178
62.697088
62.448705
62.201931
61.949279
61.703903
61.453898
61.203833
60.953133
60.702407
60.456320
60.131656
59.974142
59.672359
59.634824
59.441493
59.318508
59.020664
58.765935
58.512397
58.266400
58.026463
57.766842
57.588634
57.441503
57.287796
57.138396
56.890673
56.644457
56.396890
56.146488
55.847823
55.612104
55.436502
55.284280
55.124187
54.960654
54.799472
54.548688
54.299464
54.051067
53.802645
53.553881
53.304706
53.059936
52.974070
52.968150
52.963182
52.715610
52.467140
52.223871
51.977346
51.732740
51.485718
51.235198
51.136959
51.125736
51.117509
51.112528
50.872612
50.631921
50.388935
50.143180
49.901184
49.614471
49.391699
49.295336
49.290466
49.279216
49.270629
49.027801
48.785715
48.542011
48.296062
48.048118
47.798772
47.553671
47.474419
47.463304
47.455991
47.451024
47.211527
46.971227
46.728411
46.482724
46.234690
45.985114
45.784998
45.747436
45.735687
45.728825
45.725765
45.486264
45.246259
45.003575
44.757916
44.509853
44.277425
44.180414
44.169203
44.162867
44.153506
44.153667
43.911166
43.677255
43.434992
43.189077
42.951832
42.830513
42.818802
42.809868
42.805179
42.802533
42.799035
42.562871
42.323353
42.071956
41.827164
41.656166
41.584105
41.572951
41.563978
41.558191
41.557267
41.312256
41.069330
40.835572
40.590454
40.342270
40.199815
40.150249
40.140309
40.133661
40.129961
39.891092
39.654824
39.396547
39.151713
38.905884
38.670652
38.519761
38.450172
38.438619
38.430406
38.425647
38.185203
37.944927
37.780523
37.635245
37.543754
37.538220
37.524052
37.521045
37.519723
37.520080
37.519590
37.388806
37.356954
37.355303
37.356166
37.367924
37.346976
37.345172
37.349813
37.340108
37.101519
36.921677
36.765150
36.642944
36.559284
36.557260
36.549930
36.542215
36.535857
36.522699
36.288342
36.050207
35.808956
35.605263
35.459391
35.312559
35.286987
35.281900
35.266982
35.271731
35.036128
34.868491
34.725495
34.580405
34.500805
34.493895
34.488968
34.485616
34.489111
34.476384
34.472363
34.467890
34.471369
34.470807
34.469206
34.467258
34.465546
34.464286
34.466576
34.469149
34.569057
34.700521
34.868466
34.930033
34.940871
34.947909
34.954410
34.959118
34.961768
34.963507
35.203812
35.385066
35.532902
35.683637
35.805322
35.812735
35.819079
35.823676
35.826520
35.828154
35.831716
36.066285
36.305635
36.548289
36.704763
36.860288
36.935085
36.944284
36.951370
36.960451
36.963248
37.205041
37.446271
37.667655
37.917682
38.098915
38.225387
38.237618
38.250140
38.261684
38.487527
38.732121
38.979813
39.218968
39.461250
39.594284
39.605747
39.614741
39.620630
39.629477
39.879859
40.117907
40.356710
40.573496
40.823165
40.937924
40.954145
40.966547
40.975458
41.211053
41.480258
41.700656
41.967308
42.171236
42.203027
42.214580
42.225121
42.232270
42.481597
42.735750
42.974228
43.214545
43.249744
43.280085
43.269122
43.274306
43.274636
43.526403
43.792298
44.023482
44.040653
44.046523
44.050981
44.077303
44.076301
44.301985
44.489807
44.492861
44.497978
44.514053
44.505828
44.524529
44.526183
44.525239
44.582600
44.593406
44.588774
44.573278
44.572929
44.573837
44.574434
44.577723
44.579469
44.580551
44.580925
44.580746
44.465044
44.330973
44.208977
44.239634
44.227134
44.185932
44.212453
44.175309
44.176272
44.181185
44.187134
44.192792
43.965321
43.750341
43.745190
43.740281
43.732300
43.732319
43.734025
43.729577
43.730577
43.731432
43.732045
43.732409
43.720620
43.726510
43.599932
43.526215
43.519968
43.519946
43.523975
43.522882
43.521583
43.520456
43.519627
43.519096
43.518801
43.518679
43.518648
43.514604
43.515600
43.523522
43.524597
43.525369
43.525825
43.526034
43.526088
43.526069
43.526030
43.526001
43.525988
43.525991
43.526002
43.526014
43.526022
43.526036
43.648934
43.712842
43.715031
43.717404
43.719359
43.720677
43.721406
43.721708
43.721756
43.721687
43.721588
43.721504
43.721447
43.721416
43.735838
43.866167
43.997996
44.077054
44.081303
44.085320
44.088364
44.090273
44.091236
44.091565
44.091551
44.091405
44.091241
44.091112
44.126110
44.260402
44.396308
44.536167
44.624063
44.629660
44.634464
44.637953
44.640107
44.641184
44.641514
44.643063
44.642169
44.641209
44.640402
44.879388
45.120125
45.287300
45.433952
45.582287
45.731813
45.882235
46.010822
46.017495
46.022922
46.026805
46.029245
46.030568
46.031143
46.270828
46.511715
46.754719
47.000034
47.161151
47.318783
47.477262
47.636206
47.795484
47.856607
47.863098
47.868031
47.871350
47.873312
48.080928
48.235851
48.391947
48.549689
48.709074
48.869907
48.920981
48.927197
48.932131
48.935569
48.937682
48.938807
48.939285
49.083052
49.239257
49.396581
49.555506
49.698678
49.704576
49.709939
49.714104
49.716925
49.718602
49.719449
49.719770
49.719802
49.959279
50.200247
50.443513
50.604541
50.765012
50.926053
50.934534
50.941213
50.946060
50.949127
50.950791
50.951498
51.191223
51.432262
51.675525
51.921149
52.168727
52.417689
52.640305
52.754865
52.769249
52.781475
52.789971
52.794752
53.034336
53.274328
53.516664
53.761886
54.009578
54.258975
54.509329
54.760073
55.010857
55.261509
55.511977
55.762120
56.012072
56.261955
56.511850
56.761795
57.011798
57.261850
57.511936
57.662139
57.911215
58.159820
58.408459
58.657436
58.906816
59.156538
59.284529
59.320465
59.566717
59.812237
60.058323
60.305599
60.554073
60.803465
61.053430
61.303670
61.553963
61.804211
62.054380
62.304474
62.554511
62.804514
63.054499
63.304464
63.554425
63.804391
64.054364
64.304344
64.554318
64.804291
65.054266
65.304246
65.554229
65.804214
66.054192
66.304168
66.554145
66.804124
67.054100
67.304076
67.554054
67.804036
68.054019
68.304001
68.553982
68.803965
69.053948
69.303931
69.553914
69.803897
70.053879
70.303828
70.553754
70.803672
71.053596
71.303536
71.553495
71.803473
72.053467
72.303473
72.553487
72.803505
73.053523
73.303544
73.553560
73.803572
74.053580
74.303583
74.553584
74.803583
75.053578
75.303568
75.553559
75.803551
76.053549
76.303545
76.553537
76.328178
76.098004
75.861236
75.633108
75.513629
75.392165
75.270476
75.023720
74.777107
74.529850
74.281646
74.032583
73.782905
73.532871
73.282689
73.032486
72.782330
72.532238
72.282205
72.032213
71.782244
71.532286
71.282327
71.032366
70.782400
70.532430
70.282457
70.032483
69.782508
69.532532
69.282557
69.032581
68.782606
68.532632
68.282659
68.032685
67.782712
67.532737
67.282762
67.032787
66.782811
66.532834
66.282857
66.032883
65.782908
65.532931
65.282952
65.032971
64.782990
64.533007
64.283025
64.033043
63.783061
63.533080
63.283084
63.033075
62.783057
62.533038
62.283022
62.033013
61.783012
61.533018
61.283030
61.033048
60.783069
60.533093
60.283118
60.033073
59.783418
59.533935
59.283387
59.032549
58.781991
58.531705
58.281645
58.031748
57.781951
57.532225
57.282559
57.032846
56.783079
56.531970
56.282077
56.032235
55.782380
55.532483
55.282553
55.032583
54.782602
54.532619
54.282634
54.032654
53.782681
53.554870
53.410199
53.266014
53.122294
52.978812
52.835240
52.691280
52.546720
52.401444
52.273963
52.268435
52.263871
52.260599
52.258577
52.017845
51.775914
51.593755
51.445515
51.295760
51.144994
50.993526
50.897491
50.891372
50.886628
50.883426
50.881585
50.880748
50.880545
50.880678
50.641235
50.399819
50.155834
49.909436
49.661198
49.471771
49.314019
49.156161
48.998534
48.841186
48.755720
48.749850
48.745470
48.742634
48.501370
48.303071
48.147897
47.990817
47.832139
47.672185
47.511199
47.349363
47.186811
47.159895
47.154578
47.150764
47.148447
47.147326
47.147012
47.118582
46.961268
46.802425
46.641548
46.478633
46.313975
46.147953
46.125967
46.120385
46.116316
46.113818
46.112601
46.112267
46.112445
46.112855
46.113229
45.962031
45.801061
45.638325
45.473806
45.310359
45.304188
45.298812
45.294857
45.292409
45.291200
45.290851
45.291005
45.291391
45.291764
45.253229
45.093511
44.932447
44.872677
44.868813
44.865371
44.862833
44.861269
44.860513
44.860319
44.860456
44.860745
44.861065
44.861301
44.861188
44.969558
44.970097
44.970993
44.971971
44.972828
44.973497
44.973982
44.974319
44.974546
44.974699
44.974801
44.974869
45.168983
45.323190
45.478386
45.634812
45.706988
45.712603
45.706266
45.712489
45.718041
45.722099
45.724540
45.725671
45.725935
45.725736
45.963017
46.202393
46.444998
46.690809
46.926014
47.082222
47.120532
47.130211
47.136777
47.140416
47.141877
47.142011
47.141516
47.378514
47.617878
47.860657
48.106714
48.355217
48.605211
48.855906
49.090174
49.168416
49.179297
49.186918
49.191272
49.430758
49.671179
49.914145
50.159949
50.408044
50.657631
50.907982
51.141514
51.264224
51.386516
51.507994
51.628867
51.749411
51.773477
51.777221
51.780121
51.782049
51.783577
51.784414
51.784727
52.023745
52.264879
52.508228
52.753835
53.001307
53.250115
53.499757
53.749853
54.000625
54.228785
54.358254
54.486331
54.506541
54.513101
54.516951
54.518640
54.518928
54.518500
54.755527
54.995008
55.237931
55.484108
55.732682
55.982688
56.233342
56.418720
56.554021
56.688465
56.821953
56.853682
56.859360
56.862939
56.864725
56.865267
56.865109
56.864670
56.864214
57.101481
57.341864
57.586146
57.833462
58.018004
58.159102
58.301247
58.443444
58.585494
58.616020
58.620954
58.624015
58.625766
58.626566
58.626770
58.626662
58.626431
58.626189
58.865574
59.006487
59.147288
59.290122
59.434776
59.581022
59.728668
59.749806
59.755279
59.759334
59.761947
59.763383
59.764001
59.764124
59.763999
59.763786
59.763574
59.763404
59.763285
59.763211
59.763109
59.772491
59.914368
60.057926
60.202018
60.205958
60.209934
60.213218
60.215533
60.216949
60.217676
60.217947
60.217957
60.217847
60.217704
60.217571
60.217467
60.217393
60.217344
60.217312
60.217229
60.217168
60.165985
60.022820
59.943443
59.941588
59.940673
59.940285
59.940400
59.940793
59.941232
59.941598
59.945277
59.941497
59.941166
59.941049
59.941090
59.941154
59.935968
59.936721
59.937933
59.807776
59.668472
59.526975
59.382887
59.236485
59.088209
58.940967
58.933370
58.927380
58.923524
58.921630
58.921141
58.921438
58.922042
58.926181
58.922449
58.922441
58.922645
58.922906
58.923122
58.923256
58.923311
58.923310
58.923276
58.685555
58.445153
58.201306
58.012901
57.866794
57.719889
57.572932
57.426123
57.279358
57.246195
57.240598
57.236936
57.235063
57.234491
57.234676
57.235175
57.235702
57.236115
57.236371
57.236486
57.236502
57.236462
57.236400
57.236336
57.236284
57.236244
56.998543
56.758236
56.514519
56.267690
56.018651
55.768358
55.600844
55.454624
55.309322
55.165048
55.056994
55.050459
55.045824
55.043133
55.042005
55.041885
55.042269
55.042798
55.043267
55.043595
55.043775
55.043840
55.043830
55.043785
55.043730
55.043680
55.043642
55.043616
55.043599
54.805913
54.565666
54.322026
54.075268
53.826279
53.576012
53.325222
53.096380
52.952491
52.809521
52.667779
52.534328
52.527338
52.522275
52.519245
52.517897
52.517662
52.518006
52.518540
52.519035
52.519394
52.519601
52.519685
52.519690
52.519653
52.519604
52.519557
52.519521
52.519497
52.519481
52.519472
52.281792
52.041562
51.797939
51.551192
51.302204
51.051930
50.801128
50.550283
50.322719
50.180094
50.038453
49.898061
49.772747
49.765915
49.760992
49.758066
49.756779
49.756570
49.756918
49.757445
49.757931
49.758281
49.758484
49.758567
49.758573
49.758539
49.758492
49.758448
49.758415
49.758392
49.758379
49.758371
49.758366
49.520686
49.280444
49.036794
48.790010
48.540982
48.290671
48.039839
47.788973
47.538315
47.357702
47.215774
47.074995
46.935407
46.839051
46.832800
46.828395
46.825857
46.824806
46.824706
46.825080
46.825588
46.826038
46.826354
46.826531
46.826599
46.826598
46.826563
46.826519
46.826478
46.826447
46.826427
46.826414
46.826407
46.826403
46.588721
46.348433
46.104700
45.857818
45.608694
45.358302
45.107411
44.856509
44.605836
44.448377
44.306148
44.165112
44.025213
43.886095
43.877060
43.872140
43.869068
43.867609
43.867262
43.867526
43.868017
43.868499
43.868863
43.869084
43.869183
43.869200
43.869173
43.869128
43.869085
43.869050
43.869026
43.869011
43.869002
43.868997
43.868993
43.868988
43.631302
43.390930
43.147046
42.899980
42.650675
42.493665
42.352233
42.211296
42.071095
41.931415
41.791885
41.680090
41.674341
41.669997
41.667320
41.666553
41.666608
41.666948
41.668691
41.668751
41.668639
41.668464
41.668293
41.668156
41.664581
41.665041
41.665840
41.666621
41.667202
41.667542
41.667685
41.667699
41.667647
41.667574
41.667507
41.429768
41.336787
41.203955
41.068793
40.931671
40.792940
40.652873
40.511664
40.369445
40.247402
40.240486
40.236939
40.235167
40.234413
40.234288
40.234560
40.234972
40.235273
40.237795
40.237037
40.236126
40.235308
40.234694
40.234295
40.234072
40.233973
40.233949
40.233962
40.233644
40.233941
40.234215
40.234413
40.229255
40.230308
40.027108
40.025765
39.992087
39.856472
39.718382
39.577682
39.434536
39.289364
39.143280
38.995412
38.931671
38.927766
38.925059
38.923332
38.922566
38.921059
38.920078
38.919539
38.919317
38.919292
38.919367
38.919475
38.919581
38.919666
38.919726
38.919764
38.919783
38.919788
38.919785
38.919776
38.919762
38.919746
38.747994
38.746302
38.743755
38.628363
38.485232
38.342536
38.198000
38.049792
37.900059
37.749330
37.728897
37.723274
37.718807
37.715813
37.714154
37.713487
37.713446
37.713729
37.714126
37.714513
37.714830
37.715059
37.715209
37.715295
37.715337
37.715348
37.715341
37.715324
37.715301
37.715273
37.715243
37.605957
37.604624
37.602518
37.470287
37.324260
37.178804
37.031610
36.882247
36.729408
36.681066
36.681414
36.676809
36.673128
36.670644
36.669262
36.668702
36.668662
36.668892
36.669216
36.669530
36.669785
36.669966
36.670080
36.670141
36.670163
36.670161
36.670143
36.670115
36.670082
36.669949
36.665789
36.642953
36.501211
36.357537
36.210701
36.061093
35.930168
35.924047
35.920995
35.918909
35.917721
35.921618
35.920242
35.918946
35.917942
35.917290
35.916939
35.916800
35.916789
35.916837
35.916902
35.916958
35.916996
35.917014
35.917013
35.916474
35.916844
35.917237
35.909050
35.909964
35.910563
35.849605
35.707506
35.562670
35.550102
35.546162
35.543293
35.542060
35.541901
35.542989
35.545881
35.546646
35.547030
35.547145
35.547058
35.546961
35.546779
35.546653
35.546520
35.546387
35.546254
35.546121
35.538659
35.539748
35.541464
35.543094
35.543307
35.542445
35.550889
35.602783
35.602903
35.603754
35.604985
35.606304
35.607602
35.608710
35.609800
35.613502
35.613723
35.613455
35.613003
35.612554
35.612190
35.611924
35.611740
35.606284
35.606140
35.607204
35.608581
35.609636
35.610265
35.610528
35.675628
35.812929
35.952259
36.094455
36.157703
36.163746
36.169052
36.172969
36.175464
36.176834
36.177451
36.177637
36.177616
36.177518
36.177417
36.177312
36.177218
36.177135
36.177059
36.176991
36.176930
36.176877
36.176832
36.176796
36.414393
36.621193
36.761498
36.903892
37.047799
37.192753
37.316475
37.324320
37.330599
37.334880
37.337336
37.338453
37.338748
37.338631
37.338370
37.338109
37.337904
37.337763
37.337672
37.337613
37.337570
37.337535
37.575144
37.814770
38.057477
38.303256
38.551415
38.760484
38.908546
39.056148
39.164250
39.172857
39.178997
39.182695
39.184451
39.184941
39.184758
39.184323
39.183879
39.183533
39.183308
39.183184
39.420775
39.660483
39.903322
40.149235
40.397500
40.647251
40.897755
41.148512
41.371448
41.519870
41.667259
41.704851
41.712383
41.717222
41.719736
41.720611
41.720542
41.957711
42.196897
42.439293
42.684908
42.933012
43.182701
43.433243
43.684825
43.936045
44.186809
44.437155
44.630431
44.779048
44.822800
44.831492
45.075000
45.318025
45.562242
45.808830
46.057481
46.307169
46.557462
46.807810
47.058091
47.308243
47.558264
47.808180
48.058018
48.311468
48.556773
48.806432
49.060260
49.306885
49.559491
49.808980
50.058451
50.308042
50.557800
50.807704
51.057711
51.307733
51.557675
51.807577
52.057492
52.307446
52.557444
52.807478
53.057535
53.307603
53.557672
53.807736
54.057762
54.307715
54.557641
54.807584
55.057561
55.307572
55.557607
55.802817
56.053074
56.303908
56.554753
56.805540
57.056761
57.307595
57.558067
57.808273
58.058323
58.308304
58.558274
58.808263
59.058281
59.308339
59.558421
59.808492
60.058546
60.308579
60.558593
60.808589
61.058573
61.308545
61.558510
61.808468
62.058421
62.308370
62.558316
62.808258
63.058198
63.308894
63.559698
63.810173
64.060377
64.310339
64.560068
64.809682
65.059312
65.211436
65.336093
65.460221
65.583969
65.707659
65.831619
66.076242
66.321917
66.568914
66.817148
67.066316
67.316075
67.566135
67.816291
68.066429
68.316497
68.566871
68.766998
68.901765
68.971895
68.980189
68.985648
68.988544
68.989572
68.989492
68.988924
68.988267
68.987732
68.987380
68.987199
68.987142
68.987157
68.987204
68.987256
68.987299
68.987329
69.225021
69.465114
69.708499
69.954977
70.203719
70.453805
70.704487
70.955279
71.205928
71.456353
71.597866
71.609154
71.617538
71.622677
71.625093
71.625676
71.625273
71.624511
71.623765
71.623206
71.622867
71.622711
71.622679
71.622712
71.622769
71.622823
71.622865
71.622892
71.622906
71.860584
72.100665
72.344041
72.590513
72.839251
73.089334
73.340014
73.590804
73.841451
74.091874
74.173879
74.184564
74.192121
74.196484
74.198331
74.198576
74.198022
74.197230
74.196518
74.196012
74.195723
74.195603
74.195590
74.195631
74.195686
74.195736
74.195772
74.195793
74.433476
74.673557
74.916933
75.163402
75.412138
75.662219
75.912897
76.163685
76.414331
76.619311
76.648398
76.657921
76.664158
76.667404
76.668494
76.668328
76.667621
76.666832
76.666195
76.665779
76.665565
76.665496
76.665511
76.665562
76.665617
76.665663
76.665693
76.903382
77.143467
77.386844
77.633313
77.882049
78.132129
78.382807
78.633594
78.841719
78.905235
78.915297
78.922138
78.925899
78.927341
78.927367
78.926734
78.925947
78.925277
78.924822
78.924574
78.924483
78.924486
78.924532
78.924588
78.924637
78.924670
79.162363
79.402450
79.645826
79.892295
80.141029
80.391108
80.641786
80.822285
80.876982
80.886781
80.893293
80.896767
80.898010
80.897927
80.897250
80.896462
80.895810
80.895377
80.895150
80.895072
80.895083
80.895132
80.895189
80.895236
80.895268
80.895286
81.132967
81.373046
81.616418
81.862884
82.111618
82.338627
82.469678
82.481266
82.489880
82.495154
82.497630
82.498223
82.497806
82.497021
82.496255
82.495681
82.495332
82.495172
82.495137
82.495169
82.495225
82.495279
82.495320
82.495345
82.495358
82.495363
82.733036
82.973111
83.216481
83.407535
83.534572
83.544985
83.553184
83.558493
83.561203
83.562067
83.561873
83.561237
83.560549
83.560001
83.559650
83.559473
83.559419
83.559435
83.559480
83.559528
83.559566
83.559591
83.559605
83.559609
83.559610
83.559608
83.723276
83.846282
83.858959
83.862864
83.866132
83.868335
83.869523
83.869958
83.869944
83.869725
83.869465
83.869249
83.869105
83.869028
83.869002
83.869004
83.869020
83.869038
83.869053
83.869063
83.869068
83.869070
83.869070
83.869069
83.869068
83.869067
83.631395
83.461894
83.335387
83.306715
83.300359
83.295534
83.292552
83.291133
83.290778
83.290999
83.291436
83.291868
83.292196
83.292398
83.292493
83.292516
83.292500
83.292469
83.292439
83.292416
83.292401
83.292393
83.292391
83.292390
83.292391
83.292392
83.054720
82.814634
82.571244
82.324758
82.078288
81.943515
81.850430
81.840531
81.833666
81.829783
81.828205
81.828071
81.828637
81.829393
81.830057
81.830520
81.830779
81.830882
81.830887
81.830846
81.830792
81.830744
81.830711
81.830691
81.830681
81.830679
81.830679
81.593004
81.352872
81.108537
80.858705
80.609292
80.356391
80.098862
79.844375
79.603952
79.361619
79.116788
78.868186
78.618491
78.365547
78.107883
77.851128
77.595361
77.340495
77.086362
76.832777
76.579917
76.328223
76.077568
75.827675
75.578243
75.329015
75.079810
74.830526
74.581120
74.331591
74.081953
73.832225
73.582421
73.332544
73.082592
72.832557
72.582427
72.332188
72.081829
71.831537
71.581889
71.332897
71.084474
70.836029
70.586763
70.336763
70.086200
69.835260
69.584109
69.327549
69.063542
68.808649
68.568713
68.322881
68.072394
67.822372
67.572580
67.322829
67.073053
66.823252
66.573439
66.323623
66.073806
65.823987
65.574166
65.324342
65.074515
64.824685
64.574852
64.325015
64.075175
63.725880
63.487218
63.233172
62.968176
62.829172
62.574938
62.321861
62.070841
61.820898
61.571225
61.321504
61.071692
60.821828
60.571946
60.322060
60.072172
59.822282
59.572388
59.322489
59.072586
58.822679
58.572767
58.322852
58.072933
57.823011
57.573086
57.323157
57.073225
56.823291
56.573355
56.317828
56.064797
55.814876
55.565592
55.315858
55.065705
54.815667
54.565798
54.316021
54.066274
53.816529
53.566780
53.317027
53.067273
52.817518
52.567762
52.318005
52.068245
51.818484
51.568720
51.318953
51.069184
50.819411
50.569634
50.319854
50.070070
49.820281
49.570489
49.320692
49.070890
48.821084
48.571273
48.321458
48.071638
47.821814
47.573633
47.323272
47.078292
46.827621
46.577136
46.326891
46.076795
45.826785
45.576845
45.326958
45.077080
44.827197
44.577307
44.327413
44.077516
43.827617
43.577716
43.327814
43.077910
42.828004
42.578097
42.328189
42.078279
41.828368
41.578456
41.328542
41.078628
40.828713
40.578796
40.328880
40.078962
39.829044
39.579125
39.329205
39.079286
38.829366
38.579445
38.329525
38.079604
37.829683
37.579762
37.329842
37.079921
36.830000
36.580079
36.330159
36.080239
35.830318
35.580398
35.330479
35.080559
34.830640
34.580720
34.330801
34.080883
33.830964
33.581045
33.331127
33.081209
32.831290
32.581372
32.331454
32.081536
31.831617
31.581699
31.331780
31.081861
30.831942
