-0.019962
-0.019962
-0.019962
-0.019962
-0.019962
-0.019962
-0.019909
-0.019831
-0.019697
-0.019534
-0.019358
-0.019216
-0.019074
-0.018955
-0.018862
-0.018790
-0.018735
-0.018690
-0.018649
-0.018607
-0.018562
-0.018511
-0.018452
-0.018385
-0.018310
-0.018228
-0.018139
-0.018044
-0.017944
-0.017839
-0.017730
-0.017618
-0.017501
-0.017382
-0.017259
-0.017133
-0.017003
-0.016871
-0.016735
-0.016596
-0.016455
-0.016310
-0.016162
-0.016012
-0.015859
-0.015703
-0.015545
-0.015384
-0.015221
-0.015056
-0.014889
-0.014720
-0.014548
-0.014375
-0.014201
-0.014024
-0.013846
-0.013667
-0.013486
-0.013304
-0.013120
-0.012936
-0.012750
-0.012564
-0.012376
-0.012188
-0.011999
-0.011810
-0.011620
-0.011429
-0.011238
-0.011047
-0.010856
-0.010665
-0.010474
-0.010282
-0.010091
-0.009901
-0.009710
-0.009521
-0.009331
-0.009143
-0.008955
-0.008767
-0.008581
-0.008396
-0.008211
-0.008028
-0.007846
-0.007665
-0.007486
-0.007308
-0.007132
-0.006957
-0.006784
-0.006612
0.010367
0.010538
0.010697
0.010838
0.010953
0.011039
0.011096
0.011122
0.011120
0.011092
0.011040
0.010967
0.010876
0.010768
0.010647
0.010514
0.010370
0.010216
0.010054
0.009884
0.009707
0.009524
0.009334
0.009140
0.008941
0.008738
0.008531
0.008322
0.008110
0.007896
0.007681
0.007465
0.007249
0.007033
0.006817
0.006602
0.006388
0.006175
0.005964
0.005754
0.040125
0.039925
0.039702
0.039432
0.039100
0.038698
0.038222
0.037673
0.037057
0.036381
0.035652
0.034879
0.034069
0.033230
0.032368
0.031488
0.030594
0.029691
0.028780
0.027864
0.026947
0.026028
0.025111
0.024197
0.023288
0.022385
0.021490
0.020605
0.019730
0.018868
0.070888
0.070060
0.069199
0.068264
0.067228
0.066075
0.064803
0.063414
0.061916
0.060319
0.058647
0.056911
0.055123
0.053295
0.051438
0.049560
0.047670
0.045774
0.043890
0.042022
0.040174
0.038350
0.036553
0.034785
0.033050
0.103286
0.101623
0.099930
0.098154
0.096255
0.094193
0.091973
0.089600
0.087084
0.084441
0.081689
0.078848
0.075939
0.072978
0.069984
0.066971
0.063952
0.060937
0.057930
0.054935
0.051953
0.140219
0.137255
0.134192
0.130956
0.127503
0.123817
0.119901
0.115769
0.111445
0.106965
0.102368
0.097694
0.092978
0.088253
0.083546
0.078883
0.074283
0.069763
0.065337
0.061016
0.161016
0.162126
0.157985
0.153723
0.149287
0.144647
0.139799
0.134748
0.129517
0.124139
0.118654
0.113101
0.107518
0.101938
0.096392
0.090907
0.085503
0.080201
0.075015
0.069958
0.065040
0.165040
0.180132
0.175494
0.170748
0.165817
0.160666
0.155285
0.149680
0.143875
0.137909
0.131825
0.125667
0.119475
0.113288
0.107140
0.101058
0.095068
0.089191
0.083443
0.077839
0.072390
0.172390
0.189071
0.183956
0.178749
0.173370
0.167778
0.161963
0.155931
0.149713
0.143349
0.136882
0.130356
0.123814
0.117291
0.110823
0.104437
0.098157
0.092005
0.085997
0.080147
0.074466
0.068962
0.063643
0.157718
0.152757
0.147847
0.142897
0.137851
0.132682
0.127387
0.121981
0.116491
0.110947
0.105380
0.099821
0.094300
0.088842
0.083470
0.078203
0.073056
0.068043
0.063174
0.058458
0.053902
0.049509
0.045284
0.041229
0.107144
0.103451
0.099846
0.096243
0.092582
0.088841
0.085020
0.081135
0.077211
0.073276
0.069359
0.065486
0.061681
0.057961
0.054340
0.050829
0.047434
0.044158
0.041004
0.037972
0.035063
0.032274
0.029607
0.027059
0.024629
0.067664
0.065448
0.063249
0.061013
0.058720
0.056365
0.053955
0.051506
0.049037
0.046567
0.044114
0.041695
0.039322
0.037007
0.034756
0.032574
0.030464
0.028428
0.026467
0.024580
0.022767
0.021028
0.019363
0.017770
0.016248
0.014798
0.037548
0.036220
0.034901
0.033571
0.032220
0.030847
0.029454
0.028050
0.026644
0.025245
0.023861
0.022502
0.021173
0.019879
0.018623
0.017409
0.016236
0.015106
0.014020
0.012976
0.011976
0.011017
0.010101
0.009227
0.008393
0.007600
0.006847
0.010469
0.009789
0.009137
0.008508
0.007900
0.007313
0.006745
0.006198
0.005672
0.005168
0.004687
0.004229
0.003795
0.003384
0.002996
0.002631
0.002289
0.001969
0.001670
0.001391
0.001132
0.000892
0.000670
0.000465
0.000277
0.000105
-0.015964
-0.016092
-0.016168
-0.016178
-0.016119
-0.015992
-0.015799
-0.015549
-0.015249
-0.014907
-0.014531
-0.014128
-0.013703
-0.013262
-0.012810
-0.012348
-0.011881
-0.011410
-0.010937
-0.010464
-0.009991
-0.009522
-0.009056
-0.008595
-0.008141
-0.007693
-0.007254
-0.045529
-0.045091
-0.044580
-0.043954
-0.043198
-0.042311
-0.041301
-0.040184
-0.038979
-0.037705
-0.036380
-0.035022
-0.033642
-0.032254
-0.030865
-0.029482
-0.028112
-0.026757
-0.025421
-0.024106
-0.022815
-0.021550
-0.020312
-0.019104
-0.017926
-0.078300
-0.077174
-0.075968
-0.074614
-0.073071
-0.071326
-0.069395
-0.067300
-0.065071
-0.062740
-0.060336
-0.057886
-0.055414
-0.052933
-0.050458
-0.047999
-0.045566
-0.043166
-0.040806
-0.038489
-0.036222
-0.034007
-0.031848
-0.029749
-0.096481
-0.094483
-0.092439
-0.090272
-0.087937
-0.085417
-0.082722
-0.079872
-0.076903
-0.073842
-0.070718
-0.067558
-0.064385
-0.061218
-0.058075
-0.054968
-0.051909
-0.048908
-0.045969
-0.043101
-0.040310
-0.037599
-0.034973
-0.103429
-0.100954
-0.098457
-0.095873
-0.093157
-0.090281
-0.087245
-0.084069
-0.080781
-0.077412
-0.073993
-0.070551
-0.067107
-0.063683
-0.060295
-0.056957
-0.053685
-0.050484
-0.047365
-0.044329
-0.041400
-0.038581
-0.108455
-0.105855
-0.103267
-0.100619
-0.097852
-0.094932
-0.091847
-0.088600
-0.085223
-0.081751
-0.078218
-0.074661
-0.071099
-0.067555
-0.064050
-0.060599
-0.057213
-0.053904
-0.050678
-0.047540
-0.044511
-0.115074
-0.112270
-0.109499
-0.106700
-0.103823
-0.100833
-0.097709
-0.094461
-0.091083
-0.087598
-0.084030
-0.080406
-0.076755
-0.073105
-0.069479
-0.065898
-0.062378
-0.058931
-0.055566
-0.052291
-0.049109
-0.119670
-0.116704
-0.113778
-0.110840
-0.107840
-0.104761
-0.101587
-0.098318
-0.094961
-0.091535
-0.088040
-0.084498
-0.080919
-0.077328
-0.073746
-0.070193
-0.066686
-0.063240
-0.059865
-0.056572
-0.126460
-0.123385
-0.120351
-0.117298
-0.114185
-0.110989
-0.107703
-0.104344
-0.100912
-0.097422
-0.093891
-0.090340
-0.086767
-0.083189
-0.079617
-0.076070
-0.072564
-0.069123
-0.065761
-0.062487
-0.059306
-0.128054
-0.125070
-0.122117
-0.119141
-0.116106
-0.112994
-0.109799
-0.106529
-0.103197
-0.099822
-0.096413
-0.092981
-0.089533
-0.086083
-0.082650
-0.079250
-0.075898
-0.072604
-0.069377
-0.066224
-0.063149
-0.060155
-0.128335
-0.125518
-0.122727
-0.119913
-0.117044
-0.114103
-0.111087
-0.108001
-0.104852
-0.101645
-0.098387
-0.095087
-0.091767
-0.088446
-0.085143
-0.081875
-0.078654
-0.075490
-0.072390
-0.069359
-0.066399
-0.063512
-0.060700
-0.131870
-0.129220
-0.126591
-0.123933
-0.121215
-0.118418
-0.115525
-0.112531
-0.109436
-0.106252
-0.103001
-0.099711
-0.096405
-0.093106
-0.089831
-0.086594
-0.083406
-0.080275
-0.077204
-0.074197
-0.071256
-0.068383
-0.065577
-0.139664
-0.137001
-0.134338
-0.131612
-0.128783
-0.125827
-0.122736
-0.119526
-0.116220
-0.112845
-0.109425
-0.105987
-0.102551
-0.099134
-0.095751
-0.092411
-0.089121
-0.085887
-0.082712
-0.079599
-0.076549
-0.073564
-0.070645
-0.146275
-0.143479
-0.140660
-0.137754
-0.134719
-0.131532
-0.128197
-0.124734
-0.121171
-0.117536
-0.113862
-0.110174
-0.106496
-0.102846
-0.099237
-0.095680
-0.092181
-0.088745
-0.085376
-0.082074
-0.078842
-0.075681
-0.072592
-0.069577
-0.145320
-0.142462
-0.139615
-0.136723
-0.133743
-0.130648
-0.127419
-0.124047
-0.120537
-0.116901
-0.113160
-0.109350
-0.105508
-0.101667
-0.097854
-0.094090
-0.090391
-0.086765
-0.083220
-0.079759
-0.076383
-0.073093
-0.147276
-0.144153
-0.141047
-0.137897
-0.134662
-0.131315
-0.127845
-0.124265
-0.120576
-0.116800
-0.112949
-0.109034
-0.105066
-0.101063
-0.097051
-0.093056
-0.089101
-0.085204
-0.081363
-0.077610
-0.148637
-0.145073
-0.141540
-0.137989
-0.134376
-0.130681
-0.126883
-0.122991
-0.119002
-0.114935
-0.110804
-0.106611
-0.102366
-0.098082
-0.093773
-0.089465
-0.085186
-0.080958
-0.076803
-0.072737
-0.139601
-0.135738
-0.131915
-0.128108
-0.124281
-0.120408
-0.116474
-0.112472
-0.108404
-0.104277
-0.100102
-0.095872
-0.091612
-0.087319
-0.083016
-0.078731
-0.074490
-0.070318
-0.134542
-0.130594
-0.126705
-0.122826
-0.118919
-0.114959
-0.110932
-0.106833
-0.102665
-0.098436
-0.094148
-0.089811
-0.085439
-0.081048
-0.076664
-0.072316
-0.068032
-0.133352
-0.129248
-0.125179
-0.121116
-0.117007
-0.112845
-0.108604
-0.104283
-0.099892
-0.095442
-0.090951
-0.086435
-0.081911
-0.077387
-0.072889
-0.068440
-0.064063
-0.123412
-0.119228
-0.115087
-0.110946
-0.106776
-0.102557
-0.098281
-0.093947
-0.089570
-0.085157
-0.080729
-0.076297
-0.071878
-0.067483
-0.063128
-0.058836
-0.054627
-0.050524
-0.098548
-0.094687
-0.090897
-0.087138
-0.083381
-0.079608
-0.075831
-0.072047
-0.068261
-0.064479
-0.060712
-0.056970
-0.053267
-0.049614
-0.046024
-0.042515
-0.039104
-0.035805
-0.032630
-0.029587
-0.065873
-0.063107
-0.060422
-0.057773
-0.055129
-0.052470
-0.049790
-0.047090
-0.044376
-0.041663
-0.038962
-0.036290
-0.033659
-0.031075
-0.028550
-0.026097
-0.023728
-0.021453
-0.019280
-0.017213
-0.015256
-0.041310
-0.039569
-0.037890
-0.036237
-0.034587
-0.032923
-0.031241
-0.029542
-0.027830
-0.026114
-0.024405
-0.022713
-0.021048
-0.019410
-0.017805
-0.016243
-0.014732
-0.013281
-0.011895
-0.010577
-0.009331
-0.008156
-0.007051
-0.025055
-0.024087
-0.023153
-0.022229
-0.021299
-0.020351
-0.019383
-0.018396
-0.017393
-0.016382
-0.015368
-0.014360
-0.013364
-0.012374
-0.011395
-0.010436
-0.009502
-0.008601
-0.007736
-0.006912
-0.006130
-0.005391
-0.004695
-0.004041
-0.003427
-0.002854
-0.002318
-0.014319
-0.013856
-0.013407
-0.012956
-0.012493
-0.012012
-0.011511
-0.010991
-0.010455
-0.009907
-0.009353
-0.008797
-0.008238
-0.007675
-0.007110
-0.006551
-0.006002
-0.005468
-0.004953
-0.004459
-0.003990
-0.003544
-0.003123
-0.002726
-0.002353
-0.002002
-0.001673
-0.001365
-0.001078
-0.008734
-0.008486
-0.008244
-0.007997
-0.007739
-0.007468
-0.007181
-0.006879
-0.006565
-0.006241
-0.005911
-0.005577
-0.005234
-0.004884
-0.004533
-0.004184
-0.003841
-0.003507
-0.003184
-0.002876
-0.002581
-0.002302
-0.002037
-0.001788
-0.001552
-0.001330
-0.001121
-0.000926
-0.000742
-0.000571
-0.000411
-0.000263
-0.000126
-0.005256
-0.005141
-0.005027
-0.004909
-0.004781
-0.004642
-0.004491
-0.004328
-0.004155
-0.003973
-0.003786
-0.003587
-0.003379
-0.003164
-0.002948
-0.002732
-0.002519
-0.002312
-0.002112
-0.001920
-0.001737
-0.001563
-0.001397
-0.001240
-0.001092
-0.000951
-0.000819
-0.000693
-0.000576
-0.000465
-0.000362
-0.000265
-0.000175
-0.000092
-0.000015
-0.003717
-0.003654
-0.003590
-0.003520
-0.003443
-0.003356
-0.003259
-0.003152
-0.003037
-0.002913
-0.002776
-0.002631
-0.002478
-0.002322
-0.002165
-0.002009
-0.001856
-0.001708
-0.001565
-0.001428
-0.001297
-0.001171
-0.001052
-0.000938
-0.000830
-0.000727
-0.000630
-0.000538
-0.000451
-0.000369
-0.000292
-0.000220
-0.000152
-0.000090
-0.000032
0.000021
-0.002794
-0.002750
-0.002705
-0.002656
-0.002600
-0.002537
-0.002466
-0.002386
-0.002296
-0.002194
-0.002083
-0.001967
-0.001846
-0.001725
-0.001604
-0.001485
-0.001370
-0.001259
-0.001152
-0.001049
-0.000951
-0.000857
-0.000768
-0.000683
-0.000602
-0.000525
-0.000451
-0.000382
-0.000317
-0.000255
-0.000197
-0.000143
-0.000093
-0.000047
-0.000004
0.000035
0.000071
-0.002170
-0.002140
-0.002110
-0.002076
-0.002037
-0.001991
-0.001938
-0.001875
-0.001801
-0.001719
-0.001630
-0.001538
-0.001443
-0.001348
-0.001254
-0.001162
-0.001073
-0.000987
-0.000904
-0.000824
-0.000748
-0.000675
-0.000606
-0.000539
-0.000476
-0.000415
-0.000358
-0.000304
-0.000252
-0.000204
-0.000159
-0.000116
-0.000077
-0.000040
-0.000007
0.000024
0.000053
-0.001801
-0.001778
-0.001754
-0.001727
-0.001695
-0.001653
-0.001602
-0.001542
-0.001474
-0.001401
-0.001324
-0.001245
-0.001166
-0.001088
-0.001011
-0.000936
-0.000863
-0.000793
-0.000726
-0.000661
-0.000598
-0.000539
-0.000481
-0.000427
-0.000375
-0.000325
-0.000278
-0.000233
-0.000191
-0.000152
-0.000115
-0.000080
-0.000048
-0.000018
0.000009
0.000034
-0.001562
-0.001541
-0.001520
-0.001493
-0.001459
-0.001416
-0.001366
-0.001310
-0.001248
-0.001183
-0.001116
-0.001048
-0.000980
-0.000913
-0.000847
-0.000783
-0.000721
-0.000661
-0.000604
-0.000548
-0.000495
-0.000444
-0.000395
-0.000348
-0.000304
-0.000261
-0.000221
-0.000183
-0.000148
-0.000114
-0.000083
-0.000054
-0.000027
-0.000002
-0.001438
-0.001417
-0.001392
-0.001362
-0.001325
-0.001281
-0.001231
-0.001177
-0.001119
-0.001058
-0.000997
-0.000935
-0.000873
-0.000812
-0.000752
-0.000694
-0.000638
-0.000584
-0.000531
-0.000481
-0.000432
-0.000386
-0.000342
-0.000299
-0.000259
-0.000221
-0.000184
-0.000150
-0.000118
-0.000088
-0.000061
-0.000035
-0.000011
-0.001547
-0.001524
-0.001496
-0.001461
-0.001420
-0.001373
-0.001320
-0.001263
-0.001202
-0.001138
-0.001073
-0.001008
-0.000943
-0.000879
-0.000816
-0.000754
-0.000695
-0.000637
-0.000581
-0.000527
-0.000475
-0.000425
-0.000377
-0.000331
-0.000288
-0.000247
-0.000208
-0.000171
-0.000136
-0.000104
-0.002526
-0.002498
-0.002468
-0.002427
-0.002374
-0.002308
-0.002230
-0.002142
-0.002046
-0.001945
-0.001840
-0.001734
-0.001627
-0.001522
-0.001418
-0.001316
-0.001217
-0.001121
-0.001028
-0.000938
-0.000852
-0.000768
-0.000688
-0.000611
-0.000537
-0.000467
-0.000400
-0.000337
-0.003935
-0.003879
-0.003821
-0.003754
-0.003670
-0.003567
-0.003446
-0.003308
-0.003158
-0.002999
-0.002833
-0.002665
-0.002497
-0.002330
-0.002166
-0.002006
-0.001851
-0.001701
-0.001555
-0.001415
-0.001280
-0.001151
-0.001026
-0.000907
-0.000793
-0.000685
-0.005512
-0.005415
-0.005315
-0.005206
-0.005075
-0.004918
-0.004738
-0.004538
-0.004322
-0.004094
-0.003859
-0.003622
-0.003385
-0.003150
-0.002921
-0.002698
-0.002481
-0.002272
-0.002070
-0.001876
-0.001689
-0.001510
-0.001339
-0.001175
-0.001019
-0.007011
-0.006871
-0.006721
-0.006548
-0.006348
-0.006120
-0.005868
-0.005597
-0.005311
-0.005015
-0.004714
-0.004412
-0.004113
-0.003819
-0.003531
-0.003251
-0.002980
-0.002719
-0.002466
-0.002224
-0.001991
-0.001768
-0.001556
-0.001353
-0.008293
-0.008096
-0.007882
-0.007642
-0.007375
-0.007083
-0.006767
-0.006435
-0.006089
-0.005736
-0.005379
-0.005024
-0.004672
-0.004327
-0.003990
-0.003662
-0.003346
-0.003040
-0.002745
-0.002463
-0.002192
-0.001933
-0.001687
-0.001453
-0.008996
-0.008771
-0.008527
-0.008257
-0.007959
-0.007633
-0.007284
-0.006916
-0.006536
-0.006148
-0.005757
-0.005368
-0.004984
-0.004608
-0.004241
-0.003885
-0.003541
-0.003210
-0.002891
-0.002586
-0.002294
-0.002015
-0.001750
-0.001498
-0.009210
-0.008970
-0.008711
-0.008427
-0.008114
-0.007774
-0.007411
-0.007030
-0.006636
-0.006235
-0.005832
-0.005432
-0.005037
-0.004651
-0.004274
-0.003910
-0.003558
-0.003219
-0.002894
-0.002582
-0.002285
-0.002001
-0.001731
-0.001476
-0.001234
-0.008934
-0.008704
-0.008457
-0.008184
-0.007883
-0.007555
-0.007205
-0.006836
-0.006454
-0.006066
-0.005675
-0.005287
-0.004903
-0.004528
-0.004163
-0.003809
-0.003468
-0.003139
-0.002824
-0.002521
-0.002233
-0.001957
-0.001696
-0.001448
-0.001213
-0.009636
-0.009411
-0.009165
-0.008890
-0.008583
-0.008245
-0.007880
-0.007494
-0.007093
-0.006683
-0.006269
-0.005856
-0.005447
-0.005046
-0.004655
-0.004276
-0.003908
-0.003553
-0.003212
-0.002885
-0.002571
-0.002271
-0.001986
-0.001714
-0.001457
-0.001214
-0.010611
-0.010378
-0.010120
-0.009828
-0.009499
-0.009135
-0.008741
-0.008322
-0.007885
-0.007437
-0.006984
-0.006532
-0.006083
-0.005643
-0.005213
-0.004794
-0.004389
-0.003997
-0.003620
-0.003258
-0.002910
-0.002578
-0.002261
-0.001959
-0.001673
-0.001403
-0.001147
-0.011585
-0.011339
-0.011066
-0.010755
-0.010403
-0.010012
-0.009586
-0.009133
-0.008659
-0.008172
-0.007679
-0.007187
-0.006698
-0.006218
-0.005748
-0.005291
-0.004848
-0.004420
-0.004008
-0.003611
-0.003231
-0.002867
-0.002520
-0.002189
-0.001875
-0.001578
-0.001298
-0.012852
-0.012584
-0.012285
-0.011944
-0.011557
-0.011125
-0.010655
-0.010153
-0.009629
-0.009090
-0.008544
-0.007998
-0.007456
-0.006923
-0.006403
-0.005896
-0.005404
-0.004930
-0.004472
-0.004031
-0.003609
-0.003205
-0.002819
-0.002451
-0.002102
-0.001772
-0.001460
-0.001167
-0.013966
-0.013688
-0.013376
-0.013017
-0.012606
-0.012145
-0.011640
-0.011100
-0.010533
-0.009950
-0.009358
-0.008765
-0.008177
-0.007598
-0.007032
-0.006480
-0.005945
-0.005428
-0.004930
-0.004450
-0.003990
-0.003549
-0.003128
-0.002727
-0.002346
-0.001985
-0.001644
-0.001323
-0.015496
-0.015193
-0.014853
-0.014461
-0.014010
-0.013502
-0.012945
-0.012348
-0.011722
-0.011076
-0.010421
-0.009764
-0.009111
-0.008470
-0.007841
-0.007230
-0.006636
-0.006063
-0.005509
-0.004976
-0.004465
-0.003975
-0.003507
-0.003061
-0.002636
-0.002235
-0.001855
-0.001498
-0.017208
-0.016874
-0.016498
-0.016063
-0.015563
-0.015000
-0.014382
-0.013718
-0.013022
-0.012304
-0.011575
-0.010844
-0.010119
-0.009406
-0.008707
-0.008027
-0.007368
-0.006730
-0.006115
-0.005523
-0.004954
-0.004410
-0.003890
-0.003394
-0.002923
-0.002476
-0.002055
-0.001658
-0.018436
-0.018067
-0.017655
-0.017180
-0.016636
-0.016026
-0.015357
-0.014640
-0.013888
-0.013114
-0.012329
-0.011543
-0.010764
-0.009997
-0.009247
-0.008517
-0.007810
-0.007127
-0.006468
-0.005835
-0.005227
-0.004645
-0.004089
-0.003560
-0.003057
-0.002581
-0.002132
-0.001710
-0.016994
-0.016603
-0.016176
-0.015696
-0.015157
-0.014561
-0.013915
-0.013229
-0.012515
-0.011783
-0.011045
-0.010308
-0.009580
-0.008867
-0.008171
-0.007495
-0.006843
-0.006214
-0.005609
-0.005029
-0.004474
-0.003945
-0.003440
-0.002961
-0.002508
-0.002080
-0.001677
-0.001299
-0.014453
-0.014116
-0.013758
-0.013355
-0.012899
-0.012392
-0.011839
-0.011250
-0.010634
-0.010003
-0.009365
-0.008730
-0.008102
-0.007488
-0.006891
-0.006313
-0.005755
-0.005218
-0.004703
-0.004210
-0.003739
-0.003290
-0.002863
-0.002457
-0.002074
-0.001713
-0.001373
-0.001055
-0.012056
-0.011781
-0.011506
-0.011208
-0.010864
-0.010470
-0.010029
-0.009548
-0.009037
-0.008507
-0.007967
-0.007426
-0.006891
-0.006368
-0.005859
-0.005367
-0.004893
-0.004439
-0.004003
-0.003587
-0.003190
-0.002811
-0.002451
-0.002109
-0.001785
-0.001480
-0.001193
-0.000924
-0.009736
-0.009503
-0.009271
-0.009025
-0.008744
-0.008424
-0.008065
-0.007673
-0.007257
-0.006824
-0.006382
-0.005940
-0.005503
-0.005076
-0.004660
-0.004260
-0.003875
-0.003505
-0.003152
-0.002815
-0.002494
-0.002189
-0.001898
-0.001623
-0.001363
-0.001118
-0.000888
-0.007484
-0.007284
-0.007085
-0.006870
-0.006627
-0.006357
-0.006060
-0.005742
-0.005409
-0.005066
-0.004721
-0.004377
-0.004039
-0.003709
-0.003390
-0.003083
-0.002789
-0.002507
-0.002238
-0.001982
-0.001739
-0.001508
-0.001289
-0.001082
-0.000887
-0.000704
-0.000533
-0.004921
-0.004771
-0.004613
-0.004443
-0.004258
-0.004058
-0.003845
-0.003622
-0.003393
-0.003162
-0.002932
-0.002704
-0.002481
-0.002265
-0.002057
-0.001857
-0.001666
-0.001483
-0.001309
-0.001144
-0.000988
-0.000840
-0.000700
-0.000569
-0.000447
-0.000332
-0.000225
-0.002407
-0.002315
-0.002222
-0.002124
-0.002021
-0.001911
-0.001797
-0.001679
-0.001560
-0.001440
-0.001322
-0.001206
-0.001094
-0.000986
-0.000882
-0.000783
-0.000690
-0.000601
-0.000518
-0.000439
-0.000365
-0.000296
-0.000231
-0.000171
-0.000115
-0.000063
-0.000016
-0.009871
-0.009833
-0.009782
-0.009706
-0.009589
-0.009416
-0.009187
-0.008905
-0.008579
-0.008220
-0.007836
-0.007437
-0.007003
-0.006581
-0.006175
-0.005787
-0.005416
-0.005043
-0.004677
-0.004321
-0.003973
-0.003635
-0.003307
-0.002989
-0.002681
-0.002385
-0.002102
-0.001830
-0.001571
-0.001326
-0.001093
-0.000874
-0.000667
-0.000474
-0.000294
-0.000126
0.000030
-0.000777
-0.000645
-0.000523
-0.000408
-0.000299
-0.000196
-0.000098
-0.000006
0.000082
0.000164
0.000241
0.000311
0.000436
0.000533
0.000597
0.000632
0.000644
0.000636
0.000615
0.000611
0.000610
0.000611
0.000615
0.000619
0.000623
0.000625
0.000625
0.000623
0.000617
0.000610
0.000599
0.000586
0.000571
0.000553
0.000534
0.000513
0.000491
-0.001507
-0.001531
-0.001554
-0.001571
-0.001583
-0.001587
-0.001584
-0.001574
-0.001555
-0.001527
-0.001490
-0.001445
-0.001395
-0.001340
-0.001283
-0.001224
-0.001166
-0.001108
-0.001051
-0.000995
-0.000940
-0.000887
-0.000834
-0.000783
-0.000733
-0.000684
-0.000627
-0.000579
-0.000539
-0.000494
-0.000450
-0.000408
-0.000367
-0.000328
-0.000291
-0.000255
-0.000227
-0.003371
-0.003344
-0.003298
-0.003267
-0.003215
-0.003158
-0.003090
-0.003011
-0.002916
-0.002806
-0.002684
-0.002553
-0.002416
-0.002275
-0.002133
-0.001993
-0.001855
-0.001721
-0.001591
-0.001466
-0.001344
-0.001227
-0.001114
-0.001005
-0.000901
-0.000800
-0.000704
-0.000613
-0.000527
-0.000444
-0.000366
-0.000293
-0.000224
-0.000159
-0.000098
-0.000042
-0.004662
-0.004615
-0.004564
-0.004505
-0.004466
-0.004402
-0.004310
-0.004190
-0.004037
-0.003857
-0.003673
-0.003470
-0.003267
-0.003061
-0.002857
-0.002656
-0.002461
-0.002272
-0.002091
-0.001918
-0.001753
-0.001595
-0.001445
-0.001303
-0.001167
-0.001038
-0.000916
-0.000802
-0.000694
-0.000593
-0.000497
-0.000408
-0.000325
-0.000247
-0.000175
-0.006810
-0.006758
-0.006710
-0.006636
-0.006551
-0.006441
-0.006306
-0.006142
-0.005946
-0.005721
-0.005474
-0.005210
-0.004929
-0.004656
-0.004379
-0.004115
-0.003849
-0.003588
-0.003334
-0.003096
-0.002853
-0.002620
-0.002395
-0.002176
-0.001965
-0.001763
-0.001568
-0.001384
-0.001208
-0.001041
-0.000882
-0.000732
-0.000591
-0.010074
-0.009951
-0.009821
-0.009674
-0.009503
-0.009303
-0.009075
-0.008812
-0.008509
-0.008171
-0.007806
-0.007421
-0.007025
-0.006623
-0.006221
-0.005824
-0.005435
-0.005056
-0.004687
-0.004331
-0.003988
-0.003656
-0.003337
-0.003029
-0.002733
-0.002449
-0.002178
-0.001919
-0.001672
-0.001437
-0.001214
-0.015213
-0.015017
-0.014813
-0.014583
-0.014358
-0.014093
-0.013779
-0.013405
-0.012962
-0.012458
-0.011902
-0.011323
-0.010722
-0.010108
-0.009492
-0.008881
-0.008226
-0.007595
-0.006991
-0.006415
-0.005866
-0.005344
-0.004841
-0.004365
-0.003908
-0.003478
-0.003046
-0.002640
-0.023523
-0.023176
-0.022836
-0.022456
-0.022025
-0.021535
-0.020977
-0.020343
-0.019627
-0.018839
-0.017993
-0.017106
-0.016195
-0.015275
-0.014356
-0.013449
-0.012560
-0.011692
-0.010850
-0.010034
-0.009245
-0.008484
-0.007751
-0.007044
-0.035062
-0.034422
-0.033785
-0.033105
-0.032366
-0.031544
-0.030623
-0.029599
-0.028468
-0.027248
-0.025959
-0.024625
-0.023269
-0.021907
-0.020557
-0.019229
-0.017932
-0.016701
-0.015467
-0.014222
-0.050224
-0.048958
-0.047643
-0.046259
-0.044827
-0.043331
-0.041773
-0.040145
-0.038440
-0.036671
-0.034853
-0.033005
-0.031145
-0.029289
-0.027453
-0.025646
-0.023879
-0.022158
-0.067605
-0.065991
-0.064366
-0.062676
-0.060878
-0.058947
-0.056835
-0.054650
-0.052390
-0.050060
-0.047670
-0.045237
-0.042779
-0.040291
-0.037805
-0.091785
-0.089356
-0.086893
-0.084336
-0.081645
-0.078808
-0.075824
-0.072705
-0.069468
-0.066141
-0.062753
-0.059335
-0.055913
-0.052510
-0.110471
-0.107140
-0.103826
-0.100485
-0.097078
-0.093518
-0.089799
-0.085920
-0.081915
-0.077820
-0.073673
-0.126041
-0.121879
-0.117660
-0.113423
-0.109072
-0.104597
-0.100001
-0.095298
-0.090517
-0.085688
-0.080842
-0.115206
-0.110420
-0.105615
-0.100889
-0.096221
-0.091603
-0.087032
-0.082482
-0.077939
-0.073412
-0.068913
-0.082479
-0.078051
-0.073614
-0.069237
-0.064928
-0.060696
-0.056545
-0.052451
-0.048464
-0.044563
-0.040803
-0.053157
-0.049719
-0.046425
-0.043253
-0.040187
-0.037218
-0.034337
-0.031570
-0.028888
-0.026299
-0.023805
-0.021410
-0.038115
-0.035928
-0.033808
-0.031779
-0.029822
-0.027888
-0.025976
-0.024091
-0.022238
-0.020425
-0.018654
-0.016877
-0.036884
-0.035203
-0.033568
-0.031974
-0.030417
-0.028871
-0.027338
-0.025816
-0.024310
-0.022829
-0.021342
-0.019855
-0.018363
-0.041051
-0.039595
-0.038115
-0.036659
-0.035229
-0.033822
-0.032423
-0.031020
-0.029633
-0.028241
-0.026843
-0.025453
-0.024074
-0.049043
-0.047705
-0.046370
-0.045019
-0.043641
-0.042234
-0.040774
-0.039256
-0.037697
-0.036102
-0.034484
-0.032857
-0.031254
-0.029648
-0.028046
-0.054662
-0.053137
-0.051624
-0.050098
-0.048543
-0.046936
-0.045268
-0.043542
-0.041770
-0.039966
-0.038142
-0.036317
-0.034500
-0.032705
-0.030941
-0.058958
-0.057277
-0.055611
-0.053933
-0.052216
-0.050440
-0.048602
-0.046708
-0.044773
-0.042811
-0.040897
-0.038970
-0.037035
-0.035102
-0.033180
-0.031304
-0.061150
-0.059386
-0.057643
-0.055884
-0.054077
-0.052211
-0.050302
-0.048342
-0.046339
-0.044319
-0.042283
-0.040259
-0.038260
-0.036267
-0.034315
-0.032408
-0.030549
-0.065167
-0.063425
-0.061703
-0.059961
-0.058136
-0.056275
-0.054371
-0.052424
-0.050437
-0.048397
-0.046334
-0.044246
-0.042139
-0.040016
-0.037917
-0.035843
-0.033816
-0.031852
-0.073074
-0.071260
-0.069475
-0.067681
-0.065820
-0.063948
-0.062044
-0.060084
-0.058062
-0.055953
-0.053789
-0.051588
-0.049361
-0.047130
-0.044906
-0.042709
-0.040538
-0.038402
-0.036313
-0.085908
-0.083926
-0.081964
-0.079983
-0.077955
-0.075867
-0.073711
-0.071479
-0.069168
-0.066778
-0.064323
-0.061827
-0.059313
-0.056800
-0.054304
-0.051840
-0.049392
-0.046979
-0.044606
-0.104883
-0.102619
-0.100372
-0.098099
-0.095768
-0.093359
-0.090870
-0.088324
-0.085722
-0.083056
-0.080296
-0.077525
-0.074746
-0.071964
-0.069158
-0.066362
-0.063571
-0.060757
-0.057967
-0.055212
-0.129301
-0.126653
-0.124009
-0.121324
-0.118568
-0.115719
-0.112779
-0.109750
-0.106640
-0.103465
-0.100232
-0.096950
-0.093623
-0.090270
-0.086920
-0.083583
-0.080278
-0.077018
-0.073815
-0.070674
-0.162757
-0.159761
-0.156767
-0.153711
-0.150551
-0.147260
-0.143818
-0.140223
-0.136494
-0.132644
-0.128690
-0.124662
-0.120588
-0.116496
-0.112434
-0.108376
-0.104366
-0.100379
-0.096456
-0.092609
-0.088847
-0.085135
-0.185135
-0.196237
-0.192649
-0.188963
-0.185164
-0.181179
-0.176984
-0.172588
-0.168037
-0.163353
-0.158573
-0.153729
-0.148852
-0.143967
-0.139094
-0.134276
-0.129474
-0.124813
-0.120180
-0.115576
-0.111010
-0.106488
-0.206488
-0.238145
-0.233762
-0.229296
-0.224651
-0.219793
-0.214707
-0.209491
-0.204100
-0.198601
-0.193039
-0.187389
-0.181734
-0.176097
-0.170447
-0.164811
-0.159231
-0.153654
-0.148204
-0.142776
-0.137375
-0.132011
-0.232011
-0.263392
-0.258150
-0.252826
-0.247373
-0.241729
-0.235897
-0.229973
-0.223912
-0.217774
-0.211570
-0.205305
-0.199056
-0.192801
-0.186584
-0.180400
-0.174264
-0.168217
-0.162196
-0.156290
-0.150421
-0.250421
-0.272347
-0.266608
-0.260802
-0.254904
-0.248858
-0.242653
-0.236309
-0.229863
-0.223349
-0.216841
-0.210347
-0.203861
-0.197431
-0.191069
-0.184785
-0.178580
-0.172473
-0.166468
-0.160580
-0.154797
-0.149114
-0.249114
-0.259806
-0.254261
-0.248649
-0.242935
-0.237143
-0.231237
-0.225232
-0.219157
-0.213046
-0.206966
-0.200925
-0.194922
-0.188972
-0.183092
-0.177297
-0.171597
-0.166003
-0.160523
-0.155165
-0.149930
-0.144801
-0.244801
-0.243921
-0.238930
-0.233881
-0.228743
-0.223497
-0.218203
-0.212882
-0.207531
-0.202168
-0.196852
-0.191590
-0.186393
-0.181262
-0.176212
-0.171250
-0.166381
-0.161611
-0.156950
-0.152402
-0.147970
-0.143588
-0.139274
-0.231572
-0.227394
-0.223231
-0.219050
-0.214835
-0.210528
-0.206249
-0.202018
-0.197841
-0.193742
-0.189736
-0.185831
-0.182033
-0.178332
-0.174761
-0.171316
-0.168005
-0.164834
-0.161808
-0.158931
-0.156178
-0.153517
-0.150967
-0.233607
-0.231288
-0.229055
-0.226902
-0.224826
-0.222837
-0.220979
-0.219318
-0.217901
-0.216710
-0.215764
-0.215078
-0.214635
-0.214465
-0.214628
-0.114628
-0.014628
0.043637
0.044604
0.045681
0.046739
0.047733
0.048603
-0.025881
-0.025266
-0.024728
-0.024229
-0.023747
-0.023273
-0.022775
-0.022255
-0.021691
-0.021090
-0.020455
-0.019790
-0.019076
-0.018352
-0.017628
-0.016898
-0.016210
-0.015546
-0.014908
-0.014300
-0.013722
-0.013216
-0.012768
-0.079893
-0.079544
-0.079232
-0.078910
-0.078562
-0.078147
-0.077699
-0.077177
-0.076548
-0.075830
-0.075018
-0.074131
-0.073160
-0.072137
-0.071068
-0.069985
-0.068869
-0.067752
-0.066606
-0.065443
-0.064267
-0.063117
-0.061989
-0.123298
-0.122207
-0.121102
-0.119921
-0.118673
-0.117316
-0.115857
-0.114315
-0.112689
-0.110985
-0.109214
-0.107384
-0.105505
-0.103604
-0.101685
-0.099754
-0.097816
-0.095878
-0.093944
-0.092018
-0.090101
-0.088222
-0.143485
-0.141664
-0.139820
-0.137899
-0.135894
-0.133782
-0.131554
-0.129265
-0.126925
-0.124535
-0.122101
-0.119639
-0.117138
-0.114612
-0.112084
-0.109550
-0.107028
-0.104520
-0.102030
-0.099560
-0.097115
-0.094818
-0.092496
-0.141315
-0.139031
-0.136754
-0.134395
-0.131980
-0.129479
-0.126895
-0.124260
-0.121585
-0.118870
-0.116128
-0.113365
-0.110592
-0.107827
-0.105078
-0.102351
-0.099651
-0.096983
-0.094348
-0.091750
-0.089190
-0.086733
-0.084269
-0.126649
-0.124247
-0.121893
-0.119481
-0.117041
-0.114554
-0.112007
-0.109441
-0.106850
-0.104231
-0.101642
-0.099038
-0.096424
-0.093790
-0.091189
-0.088623
-0.086114
-0.083640
-0.081212
-0.078831
-0.076498
-0.074202
-0.071944
-0.108100
-0.105949
-0.103923
-0.101852
-0.099717
-0.097524
-0.095310
-0.093065
-0.090813
-0.088555
-0.086298
-0.084060
-0.081828
-0.079606
-0.077416
-0.075253
-0.073125
-0.071035
-0.068983
-0.066971
-0.064998
-0.063065
-0.061148
-0.059267
-0.089289
-0.087484
-0.085718
-0.083978
-0.082238
-0.080489
-0.078691
-0.076905
-0.075143
-0.073360
-0.071578
-0.069791
-0.068018
-0.066253
-0.064501
-0.062767
-0.061053
-0.059367
-0.057710
-0.056084
-0.054490
-0.052928
-0.051397
-0.049899
-0.048434
-0.072475
-0.071085
-0.069719
-0.068365
-0.067011
-0.065645
-0.064265
-0.062861
-0.061450
-0.060031
-0.058612
-0.057193
-0.055784
-0.054391
-0.053016
-0.051659
-0.050323
-0.049007
-0.047712
-0.046441
-0.045193
-0.043968
-0.042766
-0.041587
-0.040430
-0.039305
-0.038173
-0.056861
-0.055797
-0.054802
-0.053766
-0.052682
-0.051598
-0.050510
-0.049413
-0.048337
-0.047252
-0.046172
-0.045091
-0.044021
-0.042963
-0.041919
-0.040889
-0.039874
-0.038875
-0.037887
-0.036932
-0.035985
-0.035053
-0.034137
-0.033236
-0.032351
-0.031463
-0.030593
-0.046192
-0.045355
-0.044536
-0.043770
-0.042964
-0.042118
-0.041276
-0.040431
-0.039588
-0.038747
-0.037913
-0.037085
-0.036263
-0.035450
-0.034650
-0.033850
-0.033062
-0.032285
-0.031517
-0.030759
-0.030013
-0.029278
-0.028555
-0.027845
-0.027147
-0.026462
-0.025789
-0.025152
-0.024508
-0.037677
-0.037041
-0.036416
-0.035835
-0.035215
-0.034553
-0.033895
-0.033237
-0.032583
-0.031933
-0.031277
-0.030630
-0.029991
-0.029351
-0.028717
-0.028092
-0.027477
-0.026870
-0.026273
-0.025684
-0.025104
-0.024532
-0.023948
-0.023388
-0.022855
-0.022320
-0.021793
-0.021274
-0.020763
-0.020263
-0.019755
-0.030589
-0.030116
-0.029645
-0.029206
-0.028725
-0.028248
-0.027736
-0.027230
-0.026725
-0.026223
-0.025735
-0.025230
-0.024736
-0.024235
-0.023746
-0.023259
-0.022779
-0.022308
-0.021844
-0.021389
-0.020940
-0.020499
-0.020064
-0.019635
-0.019199
-0.018785
-0.018370
-0.017977
-0.017581
-0.017191
-0.016806
-0.016420
-0.016043
-0.024606
-0.024251
-0.023898
-0.023574
-0.023208
-0.022844
-0.022450
-0.022063
-0.021678
-0.021296
-0.020917
-0.020544
-0.020162
-0.019803
-0.019434
-0.019071
-0.018705
-0.018343
-0.017985
-0.017632
-0.017284
-0.016942
-0.016605
-0.016273
-0.015946
-0.015624
-0.015290
-0.014976
-0.014662
-0.014367
-0.014070
-0.013777
-0.013510
-0.013231
-0.012962
-0.019312
-0.019045
-0.018782
-0.018544
-0.018267
-0.017991
-0.017712
-0.017430
-0.017148
-0.016867
-0.016586
-0.016307
-0.016031
-0.015756
-0.015483
-0.015212
-0.014945
-0.014679
-0.014415
-0.014154
-0.013895
-0.013639
-0.013385
-0.013134
-0.012886
-0.012642
-0.012400
-0.012163
-0.011929
-0.011698
-0.011471
-0.011248
-0.011028
-0.010812
-0.010612
-0.010400
-0.010199
-0.014386
-0.014192
-0.014000
-0.013831
-0.013630
-0.013432
-0.013216
-0.013007
-0.012801
-0.012597
-0.012395
-0.012195
-0.011996
-0.011802
-0.011607
-0.011404
-0.011217
-0.011024
-0.010846
-0.010667
-0.010480
-0.010296
-0.010113
-0.009931
-0.009750
-0.009572
-0.009396
-0.009222
-0.009052
-0.008884
-0.008718
-0.008556
-0.008396
-0.008238
-0.008083
-0.007931
-0.007791
-0.007639
-0.007489
-0.007346
-0.013157
-0.013028
-0.012921
-0.012780
-0.012639
-0.012474
-0.012313
-0.012149
-0.011983
-0.011816
-0.011648
-0.011479
-0.011310
-0.011145
-0.010973
-0.010805
-0.010638
-0.010472
-0.010307
-0.010150
-0.009986
-0.009824
-0.009656
-0.009492
-0.009330
-0.009170
-0.009012
-0.008856
-0.008703
-0.008551
-0.008402
-0.008254
-0.008109
-0.007965
-0.007824
-0.007685
-0.007548
0.092452
0.167306
0.167372
0.167282
0.166989
0.166463
0.165702
0.164712
0.163528
0.162195
0.160742
0.159190
0.157554
0.155850
0.154090
0.152283
0.150434
0.148547
0.146651
0.144744
0.142837
0.140918
0.138991
0.137044
0.135085
0.133107
0.131106
0.129084
0.127043
0.124989
0.122926
0.120859
0.118792
0.116729
0.114674
0.112629
0.110596
0.108577
0.106566
0.104568
0.102585
0.100619
0.098671
0.096717
0.094793
0.090449
0.088564
0.086711
0.084894
0.083112
0.081361
0.079641
0.077954
0.076297
0.074670
0.073072
0.071501
0.069958
0.068441
0.066953
0.065469
0.064020
0.062600
0.061212
0.059855
0.058529
0.057235
0.055970
0.054745
0.053534
0.052357
0.051209
0.050089
0.048996
0.047931
0.046894
0.045883
0.044899
0.043942
0.043012
0.042107
0.041228
0.040374
0.039545
0.038740
0.037970
0.037187
0.036417
0.035663
0.034921
0.034207
0.033513
0.032847
0.032210
0.031602
0.031020
0.030461
0.029922
0.029399
0.028890
0.028392
0.027904
0.027425
0.026958
0.026490
0.026020
0.025561
0.025111
0.024670
0.024238
0.023815
0.023399
0.022990
0.022588
0.022191
0.021800
0.021417
0.021037
0.020657
0.020294
0.019928
0.019564
0.019204
0.018848
0.018496
0.018144
0.017800
0.017462
0.017131
0.016805
0.016486
0.016172
0.015863
0.015560
0.015261
0.014968
0.014679
0.014396
0.014119
0.013846
0.013579
0.013317
0.013060
0.012810
0.012564
0.012325
0.012091
0.011865
0.011646
0.011433
0.011227
0.011028
0.010833
0.010642
0.010457
0.010276
0.010099
0.009926
0.009757
0.009591
0.009429
0.009271
0.009116
0.008965
0.008816
0.008671
0.008535
0.008393
0.008257
0.008124
0.007992
0.007863
0.007737
0.007612
0.007490
0.007370
0.007250
0.007138
0.007025
0.006913
0.006803
0.006694
0.006586
0.006481
0.006377
0.006288
0.006188
0.006093
0.005993
0.005903
0.005806
0.005708
0.005611
0.005515
0.005420
0.005314
0.005238
0.005161
0.005087
0.005013
0.004938
0.004863
0.004787
0.004711
0.004634
0.004559
0.004475
0.004398
0.004325
0.004253
0.004183
0.004114
0.004047
0.003981
0.003915
0.003851
0.003787
0.003724
0.003661
0.003601
0.003542
0.003483
0.003424
0.003366
0.003308
0.003252
0.003196
0.003141
0.003088
0.003028
0.002978
0.002927
0.002877
0.002830
0.002783
0.002738
0.002693
0.002649
0.002606
0.002577
0.002538
0.002502
0.002450
0.002412
0.002370
0.002337
0.002298
0.002259
0.002220
0.002181
0.002135
0.002121
0.002106
0.002091
0.002074
0.002054
0.002030
0.002003
0.001974
0.001944
0.001913
0.001881
0.001851
0.001821
0.001792
0.001764
0.001738
0.001712
0.001687
0.001663
0.001639
0.001616
0.001593
0.001570
0.001548
0.001534
0.001510
0.001490
0.001467
0.001446
0.001425
0.001404
0.001383
0.001363
0.001344
0.001325
0.001301
0.001286
0.001268
0.001250
0.001233
0.001217
0.001200
0.001184
0.001168
0.001153
0.001137
0.001135
0.001123
0.001114
0.001096
0.001085
0.001068
0.001051
0.001034
0.001017
0.001001
0.000986
0.000971
0.000957
0.000943
0.000931
0.000920
0.000909
0.000899
0.000889
0.000879
0.000868
0.000858
0.000847
0.000836
0.000825
0.000814
0.000803
0.000793
0.000783
0.000773
0.000764
0.000754
0.000745
0.000736
0.000727
0.000718
0.000709
0.000701
0.000692
0.000689
0.000677
0.000663
0.000658
0.000649
0.000640
0.000632
0.000625
0.000617
0.000609
0.000602
0.000588
0.000583
0.000575
0.000568
0.000561
0.000555
0.000549
0.000543
0.000537
0.000531
0.000524
0.000518
0.000512
0.000514
0.000507
0.000503
0.000497
0.000499
0.000494
0.000427
0.000419
0.000411
0.000403
0.000395
0.000387
0.000373
0.000369
0.000362
0.000355
0.000348
0.000343
0.000337
0.000332
0.000328
0.000323
0.000319
0.000315
0.000311
0.000305
0.000301
0.000296
0.000292
0.000288
0.000285
0.000282
0.000278
0.000275
0.000272
0.000269
0.000265
0.000262
0.000259
0.000256
0.000258
0.000244
0.000242
0.000237
0.000240
0.000238
0.000234
0.000230
0.000226
0.000221
0.000210
0.000207
0.000202
0.000198
0.000196
0.000194
0.000192
0.000191
0.000190
0.000188
0.000186
0.000185
0.000182
0.000180
0.000178
0.000180
0.000173
0.000171
0.000168
0.000166
0.035803
0.035806
0.035801
0.035766
0.035695
0.035583
0.035430
0.035241
0.035020
0.034773
0.034506
0.034221
0.033924
0.033618
0.033303
0.032982
0.032656
0.032326
0.031992
0.031653
0.031311
0.030967
0.030621
0.030274
0.029925
0.029577
0.029227
0.028878
0.028530
0.028182
0.027835
0.027490
0.027155
0.026811
0.029664
0.029319
0.028973
0.028624
0.028271
0.027913
0.027555
0.027197
0.026835
0.026471
0.026101
0.025729
0.025357
0.024986
0.024618
0.024254
0.023897
0.023546
0.023202
0.022867
0.022551
0.022226
0.021915
0.021615
0.021324
0.021043
0.020773
0.020513
0.020264
0.020027
0.019801
0.019586
0.019380
0.019192
0.025986
0.025829
0.025680
0.025537
0.025398
0.025261
0.025125
0.024989
0.024856
0.024724
0.024596
0.024475
0.024364
0.024263
0.024176
0.024103
0.024046
0.024006
0.023983
0.023976
0.023987
0.024014
0.024058
0.024117
0.024193
0.024285
0.024391
0.024513
0.024650
0.034919
0.035075
0.035251
0.035428
0.035616
0.035797
0.035996
0.036199
0.036408
0.036604
0.036790
0.036968
0.037136
0.037293
0.037435
0.037561
0.037658
0.037731
0.037770
0.037768
0.037718
0.037620
0.037479
0.037291
0.037092
0.036854
0.036578
0.049206
0.048898
0.048561
0.048189
0.047774
0.047312
0.046802
0.046246
0.045644
0.044999
0.044312
0.043587
0.042828
0.042041
0.041227
0.040385
0.039519
0.038621
0.037717
0.036813
0.035901
0.034985
0.049326
0.048415
0.047492
0.046544
0.045584
0.044589
0.043541
0.042472
0.041358
0.040229
0.039094
0.037965
0.036840
0.035714
0.034585
0.033453
0.032320
0.031183
0.030066
0.028961
0.045022
0.043967
0.042916
0.041867
0.040812
0.039754
0.038658
0.037574
0.036469
0.035378
0.034295
0.033213
0.032130
0.031049
0.029970
0.028881
0.027812
0.026767
0.044263
0.043263
0.042265
0.041277
0.040294
0.039301
0.038304
0.037295
0.036273
0.035242
0.034205
0.033167
0.032124
0.031095
0.030080
0.029069
0.028070
0.046524
0.045549
0.044587
0.043631
0.042679
0.041731
0.040769
0.039789
0.038791
0.037780
0.036761
0.035731
0.034694
0.033638
0.032602
0.051521
0.050492
0.049462
0.048478
0.047494
0.046550
0.045645
0.044780
0.043912
0.043078
0.042225
0.041299
0.040346
0.039369
0.038333
-0.003306
-0.004390
-0.005432
-0.006423
-0.007355
-0.008216
-0.009017
-0.009729
-0.010343
-0.010839
-0.011231
-0.011564
-0.011808
-0.012035
0.004567
0.004397
0.004283
0.004223
0.004195
0.004192
0.004205
0.004232
0.004258
0.004251
0.004242
0.004228
0.004214
0.004180
0.018336
0.018263
0.018156
0.018006
0.017816
0.017577
0.017290
0.016950
0.016565
0.016142
0.015689
0.015208
0.014708
0.026380
0.025853
0.025306
0.024737
0.024138
0.023506
0.022842
0.022130
0.021381
0.020599
0.019788
0.018947
0.018099
0.027804
0.026931
0.026050
0.025151
0.024232
0.023289
0.022309
0.021282
0.020253
0.019198
0.018146
0.017075
0.025247
0.024200
0.023154
0.022069
0.020981
0.019880
0.018755
0.017589
0.016429
0.015278
0.014093
0.021084
0.019919
0.018757
0.017594
0.016428
0.015313
0.014187
0.013044
0.011892
0.010732
0.009578
0.008424
0.014537
0.013402
0.012278
0.011162
0.010085
0.009004
0.007916
0.006828
0.005748
0.004663
0.010091
0.009072
0.008071
0.007045
0.006032
0.005034
0.004029
0.003019
0.002008
0.000998
0.005859
0.004869
0.003900
0.002948
0.002011
0.001086
0.000153
-0.000779
-0.001706
-0.002653
0.001264
0.000317
-0.000619
-0.001546
-0.002438
-0.003313
-0.004168
-0.004997
-0.005802
0.055463
0.054713
0.053919
0.053010
0.051944
0.050666
0.049226
0.047770
0.046121
0.042884
0.040960
0.038935
0.036826
0.034660
0.032460
0.030224
0.027973
0.020537
0.018253
0.016105
0.013935
0.011743
0.009543
0.007356
0.005284
-0.005692
-0.007474
-0.009100
-0.010569
-0.011888
-0.013063
-0.014121
-0.015071
-0.028984
-0.029731
-0.030373
-0.030887
-0.031255
-0.031525
-0.031677
-0.031738
-0.048847
-0.048816
-0.048652
-0.048310
-0.047777
-0.047064
-0.046180
-0.045148
-0.043931
-0.063938
-0.062702
-0.061447
-0.060158
-0.058841
-0.057476
-0.056030
-0.054525
-0.052862
-0.076418
-0.074613
-0.072681
-0.070570
-0.068351
-0.066013
-0.063742
-0.061434
-0.059097
-0.085736
-0.083318
-0.080860
-0.078363
-0.075793
-0.073141
-0.070558
-0.067855
-0.065165
-0.093873
-0.091001
-0.088029
-0.084957
-0.081853
-0.078539
-0.075210
-0.071767
-0.068394
-0.065093
-0.091624
-0.088415
-0.085217
-0.081999
-0.078753
-0.075487
-0.072264
-0.069089
-0.065933
-0.062781
-0.087039
-0.083879
-0.080676
-0.077408
-0.074125
-0.070693
-0.067127
-0.063573
-0.060056
-0.056577
-0.053195
-0.075250
-0.072013
-0.068809
-0.065626
-0.062454
-0.059293
-0.056146
-0.052973
-0.049831
-0.046724
-0.067327
-0.064313
-0.061345
-0.058419
-0.055528
-0.052676
-0.049867
-0.047098
-0.044372
-0.041696
-0.039076
-0.058784
-0.056299
-0.053860
-0.051450
-0.049059
-0.046672
-0.044256
-0.041871
-0.039523
-0.037206
-0.034936
-0.053868
-0.051722
-0.049620
-0.047545
-0.045487
-0.043440
-0.041404
-0.039389
-0.037384
-0.035397
-0.033434
-0.051815
-0.049930
-0.048072
-0.046228
-0.044389
-0.042554
-0.040722
-0.038892
-0.037071
-0.035262
-0.033473
-0.051479
-0.049751
-0.048040
-0.046337
-0.044633
-0.042926
-0.041215
-0.039495
-0.037773
-0.036069
-0.034358
-0.052236
-0.050544
-0.048868
-0.047199
-0.045531
-0.043863
-0.042184
-0.040499
-0.038810
-0.037147
-0.035479
-0.054265
-0.052588
-0.050930
-0.049319
-0.047725
-0.046133
-0.044506
-0.042848
-0.041177
-0.039486
-0.062461
-0.060762
-0.059045
-0.057339
-0.055607
-0.053852
-0.052066
-0.050250
-0.048412
-0.046560
-0.074645
-0.072800
-0.070987
-0.069113
-0.067170
-0.065150
-0.063103
-0.061026
-0.058926
-0.056812
-0.054697
-0.088019
-0.085908
-0.083813
-0.081772
-0.079679
-0.077522
-0.075283
-0.072981
-0.070621
-0.068217
-0.106666
-0.104204
-0.101674
-0.099060
-0.096360
-0.093588
-0.090767
-0.087909
-0.085019
-0.082081
-0.125075
-0.122153
-0.119198
-0.116219
-0.113155
-0.109999
-0.106817
-0.103560
-0.100246
-0.096896
-0.143719
-0.140358
-0.136970
-0.133527
-0.130017
-0.126428
-0.122756
-0.119014
-0.115209
-0.111385
-0.160736
-0.156903
-0.153043
-0.149126
-0.145131
-0.141053
-0.136902
-0.132693
-0.128446
-0.124156
-0.174522
-0.170241
-0.165886
-0.161449
-0.156930
-0.152338
-0.147689
-0.143002
-0.138296
-0.133620
-0.183334
-0.178675
-0.173971
-0.169243
-0.164412
-0.159524
-0.154547
-0.149502
-0.144415
-0.139295
-0.185909
-0.180912
-0.175954
-0.170949
-0.165925
-0.160815
-0.155611
-0.150322
-0.144975
-0.139604
-0.134243
-0.174438
-0.169190
-0.163956
-0.158718
-0.153465
-0.148169
-0.142829
-0.137464
-0.132098
-0.126727
-0.160284
-0.154998
-0.149714
-0.144464
-0.139225
-0.133990
-0.128754
-0.123530
-0.118305
-0.146025
-0.140976
-0.135952
-0.130944
-0.125942
-0.120977
-0.116008
-0.111050
-0.106121
-0.101243
-0.123596
-0.118792
-0.114005
-0.109242
-0.104514
-0.099831
-0.095217
-0.090661
-0.086194
-0.103844
-0.099489
-0.095157
-0.090871
-0.086578
-0.082324
-0.078134
-0.074044
-0.070045
-0.083358
-0.079540
-0.075768
-0.072025
-0.068302
-0.064644
-0.061029
-0.057508
-0.054104
-0.063408
-0.060104
-0.056838
-0.053622
-0.050498
-0.047479
-0.044561
-0.041722
-0.047289
-0.044683
-0.042129
-0.039618
-0.037145
-0.034760
-0.032417
-0.030171
-0.028026
-0.032721
-0.030762
-0.028839
-0.026971
-0.025175
-0.023459
-0.021809
-0.020226
-0.018747
-0.111363
-0.109957
-0.108488
-0.106881
-0.105056
-0.103001
-0.100711
-0.098299
-0.095837
-0.093313
-0.090669
-0.087984
-0.085158
-0.082197
-0.079130
-0.085679
-0.082552
-0.079371
-0.076147
-0.072896
-0.069666
-0.066464
-0.063262
-0.060105
-0.057000
-0.053953
-0.050970
-0.048056
-0.045239
-0.060813
-0.058183
-0.055624
-0.053062
-0.050483
-0.047936
-0.045428
-0.042970
-0.040569
-0.038229
-0.035953
-0.033744
-0.031604
-0.029535
-0.055224
-0.053306
-0.051414
-0.049525
-0.047624
-0.045709
-0.043780
-0.041845
-0.039911
-0.037988
-0.036087
-0.034216
-0.032382
-0.030592
-0.028851
-0.064445
-0.062791
-0.061117
-0.059390
-0.057594
-0.055729
-0.053801
-0.051823
-0.049809
-0.047776
-0.045739
-0.043712
-0.041706
-0.039730
-0.037791
-0.082985
-0.081117
-0.079214
-0.077228
-0.075131
-0.072918
-0.070599
-0.068189
-0.065712
-0.063188
-0.060642
-0.058091
-0.055554
-0.053043
-0.107524
-0.105073
-0.102580
-0.099993
-0.097278
-0.094425
-0.091440
-0.088340
-0.085147
-0.081887
-0.078582
-0.075255
-0.071928
-0.068616
-0.065334
-0.128637
-0.125440
-0.122230
-0.118961
-0.115598
-0.112118
-0.108512
-0.104775
-0.100915
-0.096954
-0.092920
-0.088841
-0.084744
-0.080653
-0.148497
-0.144474
-0.140432
-0.136331
-0.132142
-0.127846
-0.123432
-0.118899
-0.114251
-0.109498
-0.104664
-0.099779
-0.094876
-0.089985
-0.148867
-0.144067
-0.139263
-0.134415
-0.129496
-0.124489
-0.119389
-0.114208
-0.108971
-0.103705
-0.098438
-0.093199
-0.088012
-0.136234
-0.131200
-0.126195
-0.121179
-0.116128
-0.111029
-0.105892
-0.100732
-0.095573
-0.090436
-0.085345
-0.080321
-0.075383
-0.114748
-0.110022
-0.105362
-0.100741
-0.096133
-0.091520
-0.086894
-0.082265
-0.077651
-0.073071
-0.068546
-0.064095
-0.095804
-0.091543
-0.087347
-0.083196
-0.079073
-0.074971
-0.070888
-0.066820
-0.062794
-0.058826
-0.054928
-0.051117
-0.075975
-0.072376
-0.068853
-0.065382
-0.061944
-0.058528
-0.055131
-0.051757
-0.048410
-0.045102
-0.063098
-0.059902
-0.056752
-0.053635
-0.050546
-0.047483
-0.044450
-0.041451
-0.038493
-0.035584
-0.046279
-0.043517
-0.040823
-0.038185
-0.035598
-0.033058
-0.030566
-0.028134
-0.032066
-0.029786
-0.027578
-0.025435
-0.023354
-0.021332
-0.019368
-0.022381
-0.020535
-0.018744
-0.017004
-0.015316
-0.013679
-0.012094
-0.015673
-0.014200
-0.012778
-0.011404
-0.010074
-0.013880
-0.012640
-0.011438
-0.010269
-0.009132
-0.008025
-0.011724
-0.010682
-0.009668
-0.008679
-0.011803
-0.010861
-0.009937
-0.009028
-0.008133
-0.010269
-0.009406
-0.008557
-0.007720
-0.008874
-0.008066
-0.007272
-0.006491
-0.035308
-0.034561
-0.033786
-0.032952
-0.032040
-0.031041
-0.029956
-0.028959
-0.027725
-0.026434
-0.025100
-0.023736
-0.022356
-0.021157
-0.019772
-0.018398
-0.017038
-0.015697
-0.014378
-0.013085
-0.012086
-0.010851
-0.009644
-0.008467
-0.007320
-0.006209
-0.005136
-0.004430
-0.003438
-0.002488
-0.001580
-0.000717
0.000084
0.000812
0.001083
0.001644
0.002134
0.002562
0.002939
0.003273
0.003572
0.003840
0.003684
0.003900
0.004093
0.004264
0.004413
0.004540
0.004647
0.004732
0.004389
0.004435
0.004463
0.004475
0.004471
0.004454
0.004423
0.004382
0.004329
0.002254
0.002183
0.002106
0.002026
0.001947
0.001869
0.001792
0.001719
0.001647
0.001578
-0.007957
-0.008025
-0.008078
-0.008106
-0.008104
-0.008068
-0.007998
-0.007895
-0.007762
-0.007603
-0.007422
-0.025061
-0.024851
-0.024605
-0.024309
-0.023953
-0.023532
-0.023048
-0.022505
-0.021908
-0.021265
-0.020586
-0.019877
-0.019147
-0.044768
-0.044020
-0.043234
-0.042389
-0.041471
-0.040476
-0.039404
-0.038262
-0.037057
-0.035799
-0.034496
-0.033161
-0.031807
-0.066276
-0.064913
-0.063513
-0.062052
-0.060515
-0.058896
-0.057195
-0.055416
-0.053579
-0.051685
-0.049752
-0.047793
-0.045818
-0.043835
-0.088902
-0.086930
-0.084914
-0.082819
-0.080619
-0.078299
-0.075855
-0.073285
-0.070599
-0.067804
-0.064917
-0.061959
-0.058956
-0.055931
-0.113878
-0.110871
-0.107837
-0.104738
-0.101547
-0.098247
-0.094830
-0.091297
-0.087657
-0.083931
-0.080144
-0.076321
-0.072484
-0.068658
-0.064861
-0.139804
-0.136114
-0.132417
-0.128667
-0.124835
-0.120906
-0.116874
-0.112734
-0.108490
-0.104152
-0.099732
-0.095250
-0.090733
-0.086208
-0.178023
-0.173553
-0.169043
-0.164436
-0.159693
-0.154793
-0.149731
-0.144511
-0.139146
-0.133655
-0.128069
-0.122423
-0.116751
-0.111085
-0.105454
-0.196489
-0.190976
-0.185438
-0.179818
-0.174081
-0.168208
-0.162197
-0.156057
-0.149811
-0.143491
-0.137131
-0.130764
-0.124420
-0.118128
-0.111912
-0.194179
-0.188151
-0.182135
-0.176078
-0.169947
-0.163727
-0.157414
-0.151026
-0.144587
-0.138126
-0.131671
-0.125249
-0.118888
-0.112610
-0.183218
-0.177139
-0.171079
-0.164992
-0.158850
-0.152648
-0.146397
-0.140113
-0.133821
-0.127543
-0.121304
-0.115128
-0.109035
-0.103044
-0.160101
-0.154337
-0.148612
-0.142880
-0.137127
-0.131353
-0.125567
-0.119785
-0.114026
-0.108310
-0.102658
-0.097087
-0.091616
-0.086258
-0.128803
-0.123697
-0.118669
-0.113681
-0.108706
-0.103734
-0.098771
-0.093848
-0.088982
-0.084186
-0.079478
-0.074873
-0.070385
-0.066025
-0.093824
-0.089743
-0.085764
-0.081853
-0.077985
-0.074146
-0.070319
-0.066508
-0.062728
-0.059000
-0.055343
-0.051778
-0.048319
-0.061184
-0.057969
-0.054857
-0.051830
-0.048872
-0.045972
-0.043125
-0.040329
-0.037587
-0.034914
-0.032319
-0.029815
0.000197
0.002508
0.004691
0.006725
0.008596
0.010301
0.011840
0.013219
0.014443
0.015510
0.016420
0.017173
0.017770
0.018212
0.018515
0.018699
0.018784
0.018783
0.018708
0.018568
0.002668
0.002414
0.002125
0.001817
0.001502
0.001187
0.000878
0.000576
0.000282
-0.000003
-0.000276
-0.000524
-0.000736
-0.000909
-0.001048
-0.001157
-0.001243
-0.001310
-0.031521
-0.031572
-0.031582
-0.031526
-0.031384
-0.031147
-0.030813
-0.030384
-0.029861
-0.029241
-0.028523
-0.027710
-0.026817
-0.025861
-0.024862
-0.023833
-0.022789
-0.021741
-0.020696
-0.062132
-0.061105
-0.060039
-0.058893
-0.057644
-0.056274
-0.054771
-0.053133
-0.051364
-0.049472
-0.047477
-0.045404
-0.043274
-0.041110
-0.038929
-0.036747
-0.034577
-0.032431
-0.082155
-0.080076
-0.077968
-0.075784
-0.073492
-0.071071
-0.068514
-0.065820
-0.063006
-0.060094
-0.057113
-0.054086
-0.051039
-0.047994
-0.044969
-0.041982
-0.039046
-0.036172
-0.033371
-0.030648
-0.085844
-0.083274
-0.080686
-0.078025
-0.075256
-0.072360
-0.069342
-0.066219
-0.063011
-0.059744
-0.056441
-0.053126
-0.049821
-0.046545
-0.043315
-0.040145
-0.037047
-0.034032
-0.031107
-0.028278
-0.086045
-0.083400
-0.080748
-0.078026
-0.075198
-0.072246
-0.069173
-0.065993
-0.062729
-0.059405
-0.056050
-0.052689
-0.049346
-0.046040
-0.042791
-0.039617
-0.036527
-0.033533
-0.030642
-0.027877
-0.025243
-0.082978
-0.080596
-0.078235
-0.075816
-0.073285
-0.070614
-0.067793
-0.064828
-0.061749
-0.058593
-0.055398
-0.052201
-0.049031
-0.045912
-0.042863
-0.039881
-0.036989
-0.034195
-0.031503
-0.028915
-0.026431
-0.024051
-0.021775
-0.019601
-0.074339
-0.072374
-0.070434
-0.068459
-0.066406
-0.064245
-0.061961
-0.059551
-0.057023
-0.054391
-0.051685
-0.048938
-0.046182
-0.043445
-0.040751
-0.038115
-0.035551
-0.033067
-0.030666
-0.028352
-0.026124
-0.023984
-0.021930
-0.019962
-0.018080
-0.016282
-0.065489
-0.063866
-0.062260
-0.060621
-0.058915
-0.057125
-0.055248
-0.053281
-0.051225
-0.049087
-0.046874
-0.044602
-0.042296
-0.039981
-0.037680
-0.035412
-0.033191
-0.031029
-0.028931
-0.026903
-0.024947
-0.023063
-0.021252
-0.019512
-0.017845
-0.016248
-0.014721
-0.013265
-0.011878
-0.059203
-0.057959
-0.056723
-0.055449
-0.054103
-0.052671
-0.051149
-0.049541
-0.047858
-0.046102
-0.044280
-0.042398
-0.040464
-0.038497
-0.036518
-0.034547
-0.032599
-0.030687
-0.028820
-0.027005
-0.025247
-0.023546
-0.021904
-0.020322
-0.018799
-0.017334
-0.015928
-0.014580
-0.013290
-0.012057
-0.010881
-0.060024
-0.058968
-0.057910
-0.056802
-0.055614
-0.054330
-0.052946
-0.051467
-0.049904
-0.048272
-0.046574
-0.044818
-0.043008
-0.041150
-0.039263
-0.037364
-0.035470
-0.033597
-0.031755
-0.029954
-0.028198
-0.026493
-0.024839
-0.023239
-0.021692
-0.020199
-0.018760
-0.017374
-0.016041
-0.014761
-0.013535
-0.012361
-0.011240
-0.065849
-0.064840
-0.063823
-0.062746
-0.061578
-0.060301
-0.058912
-0.057415
-0.055824
-0.054154
-0.052416
-0.050618
-0.048764
-0.046860
-0.044913
-0.042942
-0.040964
-0.038995
-0.037048
-0.035133
-0.033260
-0.031432
-0.029654
-0.027927
-0.026252
-0.024631
-0.023062
-0.021547
-0.020085
-0.018676
-0.017321
-0.016018
-0.014768
-0.013572
-0.078128
-0.077046
-0.075949
-0.074782
-0.073507
-0.072106
-0.070573
-0.068916
-0.067147
-0.065285
-0.063342
-0.061325
-0.059243
-0.057103
-0.054911
-0.052686
-0.050448
-0.048215
-0.046001
-0.043819
-0.041678
-0.039583
-0.037540
-0.035550
-0.033615
-0.031736
-0.029913
-0.028147
-0.026437
-0.024785
-0.023189
-0.021650
-0.020169
-0.018745
-0.017379
-0.016069
-0.097078
-0.095894
-0.094688
-0.093393
-0.091966
-0.090385
-0.088633
-0.086706
-0.084608
-0.082352
-0.079955
-0.077437
-0.074820
-0.072136
-0.069417
-0.066688
-0.063970
-0.061277
-0.058619
-0.055997
-0.053416
-0.050882
-0.048396
-0.045964
-0.043587
-0.041280
-0.039045
-0.036883
-0.034793
-0.032774
-0.030823
-0.028941
-0.027125
-0.025376
-0.023692
-0.123692
-0.129497
-0.127920
-0.126204
-0.124282
-0.122114
-0.119684
-0.116997
-0.114072
-0.110937
-0.107629
-0.104198
-0.100687
-0.097129
-0.093551
-0.089973
-0.086412
-0.082880
-0.079386
-0.075936
-0.072538
-0.069195
-0.065914
-0.062698
-0.059550
-0.056475
-0.053476
-0.050555
-0.047715
-0.044961
-0.042295
-0.039719
-0.037234
-0.034858
-0.134858
-0.174390
-0.172227
-0.169912
-0.167349
-0.164480
-0.161279
-0.157746
-0.153923
-0.149854
-0.145584
-0.141161
-0.136629
-0.132026
-0.127383
-0.122725
-0.118073
-0.113443
-0.108851
-0.104307
-0.099821
-0.095403
-0.091059
-0.086796
-0.082621
-0.078538
-0.074552
-0.070666
-0.066885
-0.063211
-0.059647
-0.056194
-0.156194
-0.208794
-0.205566
-0.202220
-0.198669
-0.194856
-0.190752
-0.186358
-0.181692
-0.176791
-0.171688
-0.166427
-0.161049
-0.155592
-0.150090
-0.144573
-0.139066
-0.133589
-0.128161
-0.122796
-0.117508
-0.112306
-0.107200
-0.102198
-0.097305
-0.092527
-0.087869
-0.083336
-0.078929
-0.074652
-0.070506
-0.170506
-0.222335
-0.218464
-0.214494
-0.210341
-0.205950
-0.201295
-0.196365
-0.191177
-0.185774
-0.180193
-0.174486
-0.168695
-0.162858
-0.157007
-0.151168
-0.145364
-0.139612
-0.133928
-0.128325
-0.122813
-0.117400
-0.112096
-0.106905
-0.101835
-0.096889
-0.092071
-0.087386
-0.082835
-0.182835
-0.225011
-0.220729
-0.216358
-0.211819
-0.207059
-0.202043
-0.196778
-0.191288
-0.185621
-0.179819
-0.173929
-0.167985
-0.162027
-0.156086
-0.150187
-0.144347
-0.138582
-0.132903
-0.127319
-0.121839
-0.116468
-0.111213
-0.106078
-0.101067
-0.096184
-0.091432
-0.086818
-0.082346
-0.182346
-0.208598
-0.204475
-0.200262
-0.195869
-0.191246
-0.186378
-0.181285
-0.176005
-0.170585
-0.165077
-0.159524
-0.153963
-0.148415
-0.142902
-0.137444
-0.132057
-0.126747
-0.121530
-0.116408
-0.111393
-0.106491
-0.101707
-0.097042
-0.092500
-0.088105
-0.083859
-0.183859
-0.190248
-0.186284
-0.182213
-0.177956
-0.173485
-0.168805
-0.163943
-0.158938
-0.153834
-0.148675
-0.143500
-0.138341
-0.133212
-0.128130
-0.123110
-0.118166
-0.113306
-0.108540
-0.103871
-0.099307
-0.094866
-0.090555
-0.086376
-0.082325
-0.078401
-0.167276
-0.163582
-0.159888
-0.156115
-0.152208
-0.148137
-0.143899
-0.139517
-0.135021
-0.130451
-0.125845
-0.121237
-0.116658
-0.112131
-0.107673
-0.103297
-0.099011
-0.094821
-0.090729
-0.086737
-0.082846
-0.079056
-0.075368
-0.071783
-0.068301
-0.135568
-0.132301
-0.129070
-0.125811
-0.122473
-0.119027
-0.115456
-0.111761
-0.107964
-0.104099
-0.100199
-0.096297
-0.092422
-0.088597
-0.084841
-0.081164
-0.077574
-0.074076
-0.070672
-0.067361
-0.064145
-0.061021
-0.110221
-0.107285
-0.104388
-0.101488
-0.098552
-0.095562
-0.092507
-0.089379
-0.086176
-0.082909
-0.079601
-0.076280
-0.072972
-0.069703
-0.066490
-0.063349
-0.060289
-0.057317
-0.054434
-0.051642
-0.098054
-0.095444
-0.092870
-0.090290
-0.087672
-0.084997
-0.082258
-0.079456
-0.076600
-0.073698
-0.070757
-0.067780
-0.064787
-0.061799
-0.058838
-0.055924
-0.053071
-0.098896
-0.096200
-0.093536
-0.090862
-0.088148
-0.085375
-0.082535
-0.079628
-0.076669
-0.073668
-0.070637
-0.067589
-0.064534
-0.061477
-0.058433
-0.101387
-0.098412
-0.095443
-0.092456
-0.089424
-0.086339
-0.083190
-0.079984
-0.076728
-0.073433
-0.070111
-0.066777
-0.063444
-0.101016
-0.097710
-0.094402
-0.091069
-0.087689
-0.084265
-0.080789
-0.077267
-0.073708
-0.070126
-0.066533
-0.062943
-0.092718
-0.089172
-0.085632
-0.082083
-0.078516
-0.074930
-0.071326
-0.067710
-0.064091
-0.060479
-0.056884
-0.076941
-0.073415
-0.069913
-0.066426
-0.062951
-0.059487
-0.056038
-0.052609
-0.049225
-0.045894
-0.054897
-0.051700
-0.048566
-0.045487
-0.042459
-0.039481
-0.036554
-0.033679
-0.030862
-0.026795
-0.024105
-0.021488
-0.018953
-0.016506
-0.014154
-0.011899
-0.009744
-0.007689
-0.005735
-0.003880
-0.002123
-0.000463
0.001102
0.002574
0.003954
0.005246
0.006449
0.007568
0.008602
0.009551
0.010418
0.011205
0.011916
0.012556
0.013129
0.013636
0.014074
0.014437
0.014717
0.014910
0.015009
0.013894
0.013825
0.013685
0.013486
0.013237
0.012949
0.012629
0.012284
0.011921
0.011543
0.011154
0.010756
0.010346
0.009911
0.009448
0.008958
0.008448
0.007923
0.007389
0.006852
0.006319
0.005795
0.005282
0.004782
0.004299
0.003834
0.003387
0.002960
0.002551
0.002163
-0.000451
-0.000802
-0.001132
-0.001440
-0.001725
-0.001986
-0.002223
-0.002438
-0.002630
-0.002801
-0.002951
-0.003072
-0.003164
-0.003228
-0.003266
-0.003282
-0.003279
-0.003259
-0.003226
-0.003180
-0.003124
-0.003058
-0.002985
-0.002903
-0.002815
-0.002721
-0.002621
-0.002516
-0.002406
-0.005634
-0.005518
-0.005394
-0.005259
-0.005111
-0.004948
-0.004772
-0.004583
-0.004383
-0.004173
-0.003956
-0.003731
-0.003500
-0.003264
-0.003028
-0.002793
-0.002562
-0.002335
-0.002115
-0.001903
-0.001698
-0.001502
-0.001314
-0.001135
-0.000965
-0.000803
-0.000649
-0.000504
-0.004775
-0.004647
-0.004521
-0.004390
-0.004251
-0.004102
-0.003944
-0.003775
-0.003599
-0.003417
-0.003226
-0.003028
-0.002823
-0.002617
-0.002411
-0.002208
-0.002012
-0.001822
-0.001640
-0.001468
-0.001304
-0.001149
-0.001003
-0.000866
-0.000737
-0.000616
-0.000503
-0.005830
-0.005732
-0.005631
-0.005522
-0.005400
-0.005262
-0.005108
-0.004939
-0.004758
-0.004561
-0.004348
-0.004120
-0.003883
-0.003640
-0.003395
-0.003153
-0.002916
-0.002685
-0.002462
-0.002248
-0.002043
-0.001847
-0.001660
-0.001481
-0.001311
-0.001149
-0.007407
-0.007262
-0.007113
-0.006953
-0.006776
-0.006580
-0.006365
-0.006132
-0.005876
-0.005597
-0.005299
-0.004987
-0.004668
-0.004346
-0.004027
-0.003714
-0.003409
-0.003115
-0.002833
-0.002562
-0.002304
-0.002057
-0.001821
-0.001597
-0.001384
-0.001182
-0.008325
-0.008144
-0.007961
-0.007766
-0.007553
-0.007320
-0.007063
-0.006773
-0.006453
-0.006109
-0.005748
-0.005377
-0.005003
-0.004632
-0.004269
-0.003916
-0.003575
-0.003248
-0.002935
-0.002636
-0.002350
-0.002079
-0.001820
-0.001575
-0.001342
-0.001122
-0.009109
-0.008915
-0.008717
-0.008507
-0.008270
-0.007995
-0.007680
-0.007329
-0.006951
-0.006554
-0.006146
-0.005734
-0.005324
-0.004922
-0.004530
-0.004151
-0.003786
-0.003436
-0.003100
-0.002779
-0.002473
-0.002180
-0.001902
-0.001638
-0.001387
-0.001150
-0.009915
-0.009699
-0.009461
-0.009189
-0.008878
-0.008530
-0.008150
-0.007745
-0.007320
-0.006885
-0.006446
-0.006007
-0.005574
-0.005150
-0.004737
-0.004337
-0.003950
-0.003578
-0.003221
-0.002878
-0.002551
-0.002239
-0.001941
-0.001659
-0.001392
-0.001140
-0.010612
-0.010391
-0.010160
-0.009896
-0.009587
-0.009235
-0.008843
-0.008419
-0.007970
-0.007506
-0.007034
-0.006562
-0.006095
-0.005637
-0.005190
-0.004758
-0.004340
-0.003939
-0.003553
-0.003183
-0.002829
-0.002492
-0.002171
-0.001865
-0.001576
-0.001303
-0.011401
-0.011161
-0.010917
-0.010658
-0.010375
-0.010064
-0.009713
-0.009317
-0.008881
-0.008414
-0.007924
-0.007422
-0.006917
-0.006416
-0.005925
-0.005447
-0.004985
-0.004540
-0.004114
-0.003706
-0.003317
-0.002945
-0.002591
-0.002255
-0.001935
-0.001633
-0.001347
-0.101347
-0.201347
-0.301347
-0.401347
-0.501347
-0.601347
-0.701347
-0.801347
-0.901347
-1.001347
-1.101347
-1.201347
-1.274026
-1.267353
-1.260009
-1.251933
-1.243071
-1.233372
-1.222795
-1.211300
-1.198858
-1.185476
-1.171229
-1.156211
-1.140524
-1.124275
-1.107571
-1.090514
-1.073205
-1.055740
-1.038211
-1.020707
-1.003315
-0.986119
-0.969202
-0.952649
-0.936544
-0.920975
-0.906029
-0.891800
-0.878388
-0.865903
-0.854459
-0.844161
-0.835094
-0.827336
-0.820952
-0.815998
-0.812517
-0.810546
-0.810086
-0.811093
-0.813475
-0.817070
-0.821795
-0.827629
-0.834549
-0.842527
-0.851534
-0.861535
-0.872497
-0.884381
-0.897151
-0.910768
-0.925193
-0.940387
-0.956312
-0.972931
-0.990206
-1.008103
-1.026586
-1.045623
-1.067040
-1.091445
-1.118731
-1.148163
-1.178072
-1.208345
-1.108345
-1.008345
-0.908345
-0.808345
-0.708345
-0.608345
-0.508345
-0.408345
-0.308345
-0.208345
-0.108345
-0.008345
0.091655
0.191655
0.291655
0.391655
0.491655
0.591655
0.691655
0.791655
0.891655
0.991655
1.091655
1.191655
1.291655
1.391655
1.491655
1.591655
1.691655
1.791655
1.891655
1.991655
2.091655
2.191655
2.291655
2.391655
2.491655
2.574550
2.616418
2.658226
2.699970
2.741643
2.783239
2.824754
2.724754
2.624754
2.524754
2.424754
2.324754
2.224754
2.124754
2.224754
2.324754
2.424754
2.524754
2.624754
2.724754
2.824754
2.849830
2.811682
2.773853
2.739272
2.705419
2.672081
2.639103
2.606384
2.573876
2.541544
2.509395
2.477437
2.445677
2.414124
2.382784
2.351667
2.320781
2.290136
2.259742
2.229608
2.199746
2.170166
2.140880
2.111900
2.083239
2.054909
2.026925
1.999301
1.972052
1.945192
1.918739
1.892709
1.867120
1.841989
1.817336
1.793179
1.769538
1.746435
1.723890
1.701926
1.680563
1.659825
1.639736
1.620318
1.601595
1.583592
1.566332
1.549839
1.534138
1.519252
1.505203
1.492015
1.479709
1.468307
1.457828
1.448292
1.439714
1.432111
1.425497
1.419884
1.415282
1.411699
1.409140
1.407610
1.407109
1.407635
1.409187
1.411756
1.415336
1.419916
