1.663084129897357144e+01
1.604707118659412401e+01
1.554852091371152945e+01
1.512801922911557639e+01
1.477839488159605352e+01
1.449247661994274594e+01
1.426309319294544231e+01
1.408307334939392952e+01
1.394524583807799800e+01
1.384243940778743109e+01
1.376748280731201923e+01
1.371320478544154930e+01
1.367243409096580997e+01
1.363799947267458634e+01
1.360272967935766886e+01
1.355945345980451400e+01
1.364218037198771327e+01
1.368978908836785102e+01
1.356309171653533951e+01
1.325180443902571170e+01
1.275063794404762163e+01
1.204631085308261085e+01
1.123838528346598231e+01
1.047577579498140210e+01
9.825885992580472461e+00
9.345151852957354066e+00
9.109458860425057480e+00
9.260561138295209105e+00
9.773326601127624969e+00
1.052510788058320124e+01
1.138735949664841485e+01
1.222258763880546617e+01
1.304826858949842716e+01
1.389790098590020762e+01
1.477446151738103985e+01
1.566763021105344933e+01
1.656520967153915436e+01
1.745550976870469384e+01
1.832671742768260614e+01
1.916419375323410534e+01
1.994901036475530276e+01
2.066248986327214254e+01
2.129066278537260004e+01
2.182340872997900760e+01
2.225276515221429463e+01
2.257259115989166531e+01
2.277715601970760773e+01
2.285691689661847548e+01
2.280476525326099235e+01
2.263547009122023468e+01
2.239410747960446812e+01
2.215425247913634976e+01
2.202284405738401674e+01
2.199999999999949196e+01
2.199999999999949196e+01
2.199999999999949196e+01
2.199999999999949196e+01
2.199999999999949196e+01
2.199999999999949196e+01
2.199999999999949196e+01
2.199999999999949196e+01
2.199999999999949196e+01
2.199999999999949196e+01
2.199999999999949196e+01
2.199999999999949196e+01
2.200288221574315273e+01
2.209803659850948776e+01
2.231587388596863875e+01
2.255851004898411816e+01
2.275162960679260138e+01
2.283600011468045921e+01
2.275667417582090479e+01
2.245784618325867044e+01
2.195991781909994600e+01
2.139983776515336800e+01
2.087226067038470845e+01
2.037321898807521947e+01
1.988730498411842618e+01
1.940568967620615126e+01
1.892487136858618157e+01
1.844911850192768554e+01
1.799195506860632321e+01
1.756658059644175296e+01
1.717594072779619552e+01
1.681546724252887870e+01
1.647845281624908154e+01
1.615742731749255867e+01
1.584359520714569669e+01
1.552554211768262959e+01
1.519148003268910330e+01
1.483581685805569883e+01
1.446290164094832775e+01
1.408458621814893696e+01
1.371662423005951759e+01
1.337720608267173361e+01
1.308663469907443400e+01
1.286342210773147343e+01
1.260404597464586907e+01
1.220109883750922108e+01
1.166371595436639907e+01
1.100843417476897557e+01
1.026841338013817229e+01
9.717784430257516703e+00
9.423019292832394811e+00
9.209811336939292659e+00
9.030550730710924512e+00
8.822010156551366222e+00
8.593860501657452744e+00
8.374224838354487943e+00
8.183385615816268555e+00
8.032263200288284111e+00
7.979363116826892366e+00
8.012027722004907204e+00
8.004769468259027576e+00
7.891354204237296166e+00
7.715353934462680030e+00
7.521193126045526256e+00
7.297622865142078474e+00
7.036897121255011989e+00
6.739221668184896430e+00
6.436165717251808083e+00
6.153510478683171137e+00
5.828341777990168282e+00
5.473927974386578299e+00
5.165712750713197465e+00
4.903703403025654772e+00
4.686342330996121852e+00
4.515417001709026934e+00
4.394309121382718786e+00
4.331165764385375816e+00
4.339618236616471947e+00
4.159935358730258770e+00
3.888895565790130515e+00
3.628503367000647462e+00
3.353757926161853309e+00
3.301731437591707952e+00
3.466890951233983831e+00
3.838862787141289701e+00
4.402766566095188239e+00
5.134399334783965152e+00
6.011003020642275985e+00
7.015892417885916998e+00
8.057617924384651076e+00
9.075254868875092029e+00
1.013722645488571850e+01
1.134176771293950559e+01
1.270056551520637100e+01
1.412918638880731592e+01
1.555335369741336393e+01
1.691939559791138947e+01
1.818143329222937865e+01
1.926880338707502460e+01
2.011990848466006199e+01
2.079515659889402812e+01
2.131318294501051724e+01
2.161467206825658849e+01
2.169685401011202686e+01
2.156121670943806024e+01
2.120697887667677151e+01
2.063337823593948883e+01
1.984529986265580348e+01
1.885046540911707424e+01
1.802679272469304195e+01
1.750418697175060956e+01
1.704449095455953866e+01
1.661396306609639240e+01
1.616713257192448694e+01
1.569926735893088399e+01
1.521206354966649421e+01
1.470998990156346764e+01
1.419884152558021029e+01
1.368578909304292779e+01
1.318182442829338896e+01
1.270265565841923916e+01
1.226634231269364861e+01
1.189061398391363511e+01
1.154444985591518247e+01
1.114833990635486138e+01
1.067460686432663408e+01
1.042399722284539543e+01
1.037590323772996115e+01
1.014924594721337847e+01
9.799020629962884144e+00
9.579715919010675762e+00
9.574220879643213777e+00
9.712321270907281701e+00
9.952542512699901422e+00
1.026634418760848710e+01
1.062695386620215388e+01
1.100695301109885982e+01
1.138319073074729992e+01
1.173248101389732767e+01
1.202593186410402204e+01
1.224120818977131897e+01
1.236693572149791365e+01
1.238414146544420191e+01
1.227780042014097006e+01
1.214788927065562696e+01
1.208924439708207288e+01
1.209121244901156444e+01
1.214551233197115288e+01
1.224817468642370244e+01
1.240056866502446908e+01
1.278702091782641759e+01
1.329904445277168890e+01
1.359481317390621058e+01
1.381159549805097342e+01
1.415368998165388170e+01
1.466561312897298208e+01
1.540433654582697010e+01
1.604848883691878569e+01
1.648303189469250896e+01
1.707044608363258220e+01
1.787839221289391034e+01
1.876900235420364993e+01
1.966218724976626930e+01
2.051028512112208801e+01
2.124015715494204670e+01
2.180586015409319600e+01
2.217967332183569695e+01
2.234717025609160856e+01
2.229949193571461663e+01
2.203249375728059789e+01
2.155265370656998769e+01
2.087955099804135628e+01
2.004752072686300579e+01
1.911645454119920373e+01
1.805890305369550575e+01
1.698211674883486566e+01
1.605917337588351756e+01
1.538291239791266385e+01
1.497083882786452591e+01
1.470343764435859590e+01
1.451695768886551008e+01
1.413462364292765550e+01
1.354006595051530759e+01
1.309743253850368205e+01
1.280999242679585493e+01
1.258171749538520423e+01
1.246196472699068636e+01
1.249344542127247593e+01
1.270172696467940376e+01
1.309497088469755255e+01
1.366476412170648658e+01
1.438518614513830940e+01
1.514445512428023832e+01
1.579642327671551882e+01
1.628598199590000206e+01
1.660193818144971800e+01
1.672806188098737223e+01
1.665098930892949625e+01
1.636844998774123638e+01
1.589984760385142160e+01
1.529076644995320855e+01
1.458958730982580576e+01
1.382256673094216382e+01
1.300807918350439607e+01
1.218651975482621097e+01
1.157493010546713386e+01
1.117675577528429542e+01
1.081154714406070916e+01
1.047680963822591949e+01
1.018638579570003166e+01
9.977155153338532756e+00
9.873782241434934548e+00
9.892038464734810077e+00
1.004952236597983806e+01
1.037201274795495465e+01
1.088477235441431645e+01
1.158913929060786252e+01
1.245620452330067174e+01
1.344000063621540697e+01
1.448811291324488337e+01
1.554678623484923783e+01
1.656703280716024906e+01
1.751548278476525766e+01
1.838069928127897867e+01
1.916431688405498690e+01
1.989644387570315942e+01
2.061118528921862492e+01
2.129732139757484788e+01
2.192485669138116222e+01
2.247227255433541160e+01
2.291675696771104498e+01
2.321239397410498029e+01
2.329835608197802799e+01
2.313815509001690174e+01
2.273209541241361364e+01
2.210810467025482495e+01
2.132842001725533621e+01
2.048876536397309778e+01
1.970745148234582445e+01
1.897232778879272175e+01
1.821811193173998333e+01
1.746807318154271371e+01
1.674619035907984355e+01
1.607880499506440941e+01
1.549093738564446809e+01
1.499584040556273301e+01
1.459391045058480074e+01
1.428137296746213103e+01
1.405502655970620296e+01
1.392358952852242382e+01
1.391324636972486672e+01
1.404012479067304753e+01
1.430422479136695912e+01
1.470554637180661217e+01
1.524408953199199779e+01
1.605394170001360976e+01
1.715108134095838111e+01
1.815267159274282704e+01
1.897944474872090481e+01
1.975771867798107451e+01
2.039722911155783436e+01
2.084843229253114316e+01
2.108599512397782050e+01
2.110119714270120994e+01
2.089217002383244903e+01
2.046602570606211557e+01
1.984467881604766504e+01
1.905762766915352202e+01
1.812867108089152168e+01
1.705281285882797704e+01
1.592334620548215440e+01
1.489623099511799253e+01
1.402338357317041151e+01
1.330888827479998149e+01
1.274861723212604936e+01
1.233073639561569124e+01
1.204737740982937311e+01
1.190201630555654155e+01
1.190661593216085201e+01
1.207970139520513264e+01
1.243259075561002014e+01
1.295393543986940799e+01
1.369663170971609922e+01
1.468820656788570567e+01
1.586142235981597537e+01
1.716848530927169492e+01
1.839268808513867981e+01
1.930633236622957583e+01
2.009060383902420099e+01
2.075328178977573401e+01
2.107748681491882081e+01
2.106979596243876074e+01
2.086427633453863706e+01
2.070763808972952802e+01
2.062544330464216813e+01
2.044392318510489659e+01
2.004304323494413609e+01
1.926041251362918061e+01
1.842038830524379733e+01
1.785842733119134706e+01
1.747379283506168335e+01
1.718576194468779406e+01
1.687687409369285163e+01
1.650197651868967696e+01
1.605891964037286357e+01
1.556077440805591117e+01
1.503505963936484946e+01
1.451485266697592635e+01
1.403147236726838898e+01
1.361184060726762368e+01
1.327670416835692357e+01
1.303613118002420634e+01
1.288750394640084629e+01
1.273563910532156918e+01
1.248642178696051275e+01
1.213810318816109124e+01
1.168490652781252415e+01
1.111779519868108324e+01
1.076315952014842203e+01
1.055040872291751164e+01
1.016597657518806841e+01
9.914297057669415381e+00
1.005214560726763651e+01
1.053162920748566123e+01
1.107608759870974779e+01
1.152611661250032604e+01
1.195543516548748997e+01
1.248370157174177919e+01
1.353477073904212169e+01
1.489947594625371785e+01
1.606043822778957875e+01
1.705834760651335813e+01
1.788707541714216021e+01
1.853389824919598894e+01
1.899826549676146570e+01
1.928926537193638424e+01
1.941536813332984224e+01
1.938081316658270836e+01
1.918938312758163889e+01
1.884536512554105059e+01
1.835198866411797169e+01
1.771271635634214903e+01
1.693740140758025348e+01
1.604245334713454341e+01
1.503554071880120446e+01
1.401744208252947388e+01
1.313355442632516379e+01
1.246117061934310399e+01
1.207749787327602320e+01
1.164464428568931176e+01
1.123162387835461118e+01
1.127699576229226075e+01
1.161759039953909145e+01
1.208371228315082568e+01
1.265296528068406268e+01
1.331971440360313608e+01
1.408117778609149262e+01
1.493522366772895538e+01
1.588009298843747352e+01
1.672028072628701523e+01
1.734040997715752397e+01
1.778163035525159685e+01
1.801159946520725796e+01
1.803599272788565955e+01
1.785143639409456995e+01
1.744376808108625099e+01
1.688620278244564687e+01
1.612989829469066194e+01
1.524011319706733758e+01
1.441955966552398749e+01
1.367785050748791242e+01
1.302630863097483349e+01
1.247865491218463774e+01
1.205339608014170416e+01
1.178814233903004371e+01
1.176854270268053604e+01
1.200101426874370603e+01
1.241581879893203677e+01
1.299586237446655268e+01
1.374114499534724843e+01
1.465166666157413289e+01
1.562624800183118623e+01
1.656170593782854539e+01
1.746639048429031860e+01
1.835128059381529297e+01
1.920832894553499059e+01
2.001828388697863659e+01
2.075984366459733721e+01
2.141142176667822383e+01
2.195175752212502118e+01
2.239606637387091936e+01
2.279325373338112470e+01
2.312865659167118793e+01
2.334116163244382491e+01
2.339894698234530424e+01
2.329914606928997500e+01
2.307995745563329493e+01
2.270574034770336169e+01
2.229532761922161299e+01
2.189498294742625362e+01
2.136996974849624209e+01
2.074003626588734406e+01
2.003536293425410264e+01
1.928727919945322355e+01
1.852335489192713425e+01
1.776568055338359287e+01
1.702899937841651123e+01
1.631533392017827921e+01
1.561177914591229765e+01
1.490295552782206201e+01
1.418573871930575514e+01
1.346677808110945662e+01
1.279081841803115083e+01
1.224709352509461091e+01
1.188421511088214189e+01
1.170218317539375619e+01
1.172401251340696859e+01
1.185898875446785006e+01
1.210703844779193084e+01
1.246808814259446585e+01
1.294206438809071003e+01
1.352889373349591473e+01
1.422850272802533311e+01
1.504081792089421832e+01
1.596576586131783237e+01
1.700327309851141777e+01
1.815326618169022765e+01
1.941567166006952405e+01
2.079041608286456011e+01
2.227742599929057832e+01
2.387662795856284248e+01
