64.977806
65.159683
64.575752
63.880707
63.639065
62.325607
63.751713
63.652603
66.084106
65.740288
63.037254
62.581047
59.940853
60.422348
59.970226
56.924400
56.041355
56.008148
53.968742
53.230530
53.825954
53.381493
52.108654
51.683094
52.415943
51.658062
52.721188
52.185795
52.388100
52.374561
51.896385
49.860809
48.493202
50.603107
48.483494
46.702847
47.541443
47.015755
45.237659
45.899498
44.123703
44.944675
42.298351
39.952419
39.207565
38.302555
38.093864
37.707642
37.436367
35.825584
37.321934
36.459068
34.575222
36.922432
37.716583
39.354443
39.071674
39.327366
39.584335
39.448956
40.080395
40.791786
40.372868
40.841339
42.580864
42.094002
42.041126
40.165966
39.202202
38.239716
41.524887
42.310612
43.816666
44.079254
43.245766
42.343052
42.154285
41.561417
42.418915
40.954754
41.073532
41.878922
42.168587
42.616371
43.014851
44.959236
44.442741
44.142094
43.407967
46.398109
46.646648
50.267719
51.593437
52.629742
54.559566
53.115074
56.416336
56.919804
54.281395
52.389378
51.591904
52.036110
55.286797
57.274094
57.977310
61.778465
62.077579
63.212486
65.901215
66.567642
65.816154
66.205688
66.712738
68.656097
70.953491
71.519028
73.013847
71.649559
71.198967
72.130547
72.288147
72.628136
72.114708
72.660835
72.172440
70.685539
70.021149
70.350410
69.628288
69.734550
69.625992
70.063042
70.840080
70.034943
70.085007
69.534546
69.186638
70.541985
70.555016
70.340698
69.175659
69.290344
68.099243
68.945511
69.393799
68.851501
68.217255
67.989410
66.951569
66.873146
68.141136
68.793266
69.204262
67.370224
66.699196
67.750832
66.432007
67.011337
67.726303
68.467331
69.052788
69.722549
69.933281
69.864311
69.146790
66.053452
67.818520
67.264732
68.013161
68.822388
68.093880
67.842278
66.694595
66.618225
65.756889
64.927231
65.679237
65.679489
64.402565
63.542511
62.646439
61.774632
59.247852
58.979134
59.645569
58.300182
57.762234
58.351013
57.535404
57.840141
56.062813
56.121307
55.140942
55.586422
56.422466
57.161701
56.092186
57.230923
57.378567
59.071346
58.349735
57.587769
57.048542
56.649040
56.650063
54.869156
53.919697
54.470165
53.813946
54.556503
52.785049
52.189625
52.104565
52.006733
52.088474
50.974258
52.579933
52.198055
51.216156
49.595665
50.110882
50.116756
50.358654
48.846470
48.417591
47.459705
47.004261
47.275536
49.109570
48.782356
48.532284
47.658691
48.008125
48.917480
49.996956
49.786987
49.800781
50.044212
51.634308
51.037094
50.615112
50.451378
51.712727
52.073147
52.697945
52.731663
52.456303
53.013664
53.760307
53.001404
53.932980
53.465530
53.631054
53.117371
53.805519
55.425243
55.285007
55.827812
55.243881
55.776466
55.974686
56.076862
55.722317
56.408928
56.710091
57.075363
57.447281
58.142323
57.168087
57.947678
57.823029
57.900936
58.021500
59.522190
58.461105
58.952568
58.509640
58.536716
59.257301
59.557186
60.490551
61.647682
61.917679
62.135563
62.830097
62.709785
62.129433
62.247444
62.952705
62.842869
63.916214
63.360893
64.226822
65.181900
65.607712
64.900925
64.666687
64.207413
64.505508
63.864872
64.747147
64.963249
66.384750
67.581985
67.444305
65.760468
64.888916
63.807144
63.691685
64.694275
64.521088
66.528824
65.207191
66.199310
66.228172
65.155334
65.328522
67.141357
67.658615
67.738312
69.906204
69.817314
71.660034
71.035744
67.535240
64.188766
62.248978
61.386112
59.995773
56.252346
52.744434
47.711819
47.723061
46.078304
45.464745
45.360016
44.047581
43.386002
46.049694
46.960327
51.806725
56.252602
58.518070
64.633484
65.824585
67.322716
67.553886
66.832024
64.873589
68.277031
68.454300
67.091805
68.164124
67.136757
66.254478
66.877235
65.132599
63.781342
62.872753
63.268681
64.541267
64.230148
65.020981
65.329544
64.729523
65.473610
64.437302
63.808674
64.824036
64.520065
65.202339
64.797211
65.016121
65.865448
66.414383
65.385994
64.984703
65.721642
66.546700
67.290276
65.979630
66.282578
66.248352
65.476677
64.447014
64.868225
65.289696
65.897888
66.108116
66.255249
66.733932
67.115555
66.730873
65.067978
65.245758
65.191864
65.353043
65.281013
66.116287
65.759445
65.271049
64.568596
64.127205
64.434753
66.318848
65.815895
65.063889
64.822250
64.786743
66.154602
65.614357
65.484596
65.009995
66.143112
66.507362
66.801628
68.289803
67.708427
68.664780
67.090012
67.626434
68.213684
68.932220
68.933754
69.374893
70.077347
69.692657
68.226707
68.450470
68.547028
69.073479
68.114059
67.673172
67.340599
67.966415
68.544472
68.904381
67.067024
67.914307
66.699966
65.509117
66.850670
67.385040
67.252472
68.892120
68.409851
66.314766
65.291229
65.365303
66.047577
65.548706
66.235580
66.186790
66.842499
66.274406
66.559471
65.856003
66.924240
67.064468
65.659317
65.009224
65.144096
65.174492
65.254959
63.968834
64.397202
63.971642
62.261749
64.263351
64.131294
64.664902
64.024773
65.759956
65.859833
64.041885
63.554516
64.853157
64.438583
65.169899
64.400009
64.979851
65.175262
64.905777
65.499664
65.669785
65.340782
64.307030
63.130234
61.798897
60.811890
60.502045
59.577110
59.426659
58.853203
58.388565
56.991581
57.315727
58.384476
57.707314
57.878967
57.730812
58.101196
59.442238
59.306858
58.651409
59.118092
57.487637
56.350433
54.485744
52.858616
52.642513
52.897697
53.373318
51.797020
53.448418
52.965130
52.483124
53.067818
52.537785
52.968964
52.620548
50.761478
51.749508
51.993961
53.484180
54.063766
53.766438
53.874741
51.714767
51.426636
51.774284
51.231228
50.358654
50.342308
48.497288
50.510128
50.526222
50.102962
49.886097
50.789577
50.380623
50.167076
48.605595
49.391571
48.364204
48.644421
48.432663
48.598186
49.503963
49.401279
48.107235
50.943096
51.185505
50.372192
49.981121
51.148975
51.609272
51.790634
53.812160
56.179802
57.594921
57.590324
57.921879
55.841606
54.925610
54.982571
54.527126
54.460968
53.324787
52.259617
52.066250
50.344604
47.181278
46.243568
46.343445
47.065311
48.322571
49.239075
48.625008
47.920769
49.356068
49.893761
50.136425
49.839352
50.252903
49.264877
49.613293
48.463314
47.831364
48.028049
48.023453
48.916969
48.034946
48.885296
49.793373
50.003597
50.718056
51.925503
51.820263
53.258629
53.945751
53.618027
53.513298
54.104122
53.882404
53.117626
51.122410
50.193897
48.740974
49.761444
49.443169
46.642818
47.805820
48.327934
48.623730
49.066914
48.866650
47.814251
46.047394
46.930183
47.396866
47.497509
46.916134
46.532982
47.367748
47.807354
46.007545
46.674492
45.039440
45.438435
44.587063
46.187374
46.172558
45.093849
45.289001
43.956390
44.081299
42.592613
43.642460
44.186794
45.245068
45.808052
45.297943
45.454781
43.464420
45.009811
44.857315
45.201134
45.384281
45.968208
47.387672
47.126358
46.599392
48.553230
47.206055
47.198135
46.506416
47.383327
45.704597
46.291847
46.607822
47.374390
49.545856
47.717186
48.795639
48.635223
49.498856
48.094975
50.969406
50.234257
50.828403
49.538960
48.479664
49.986996
49.773960
49.607670
48.982105
49.637302
47.870190
48.030861
49.909855
49.815086
48.790531
48.113621
47.855122
46.189930
44.895119
46.310238
46.595306
47.560856
48.192551
49.143799
49.208935
47.477329
47.604538
47.695217
48.273781
48.978531
48.620407
47.036446
45.957481
44.837135
45.721203
47.265060
45.808052
46.640263
46.785095
44.746967
44.087429
43.963799
45.874977
46.412670
46.684708
43.851151
45.225655
46.094650
44.910191
44.123192
43.661617
43.005142
42.546124
43.369141
43.121113
42.276127
43.005909
43.379105
41.700371
46.369755
46.434639
48.612492
48.264584
50.603874
53.780994
55.614521
55.830364
57.239098
57.613312
58.871849
58.906845
57.554050
57.209724
57.496067
59.067001
57.804890
57.449577
58.255737
57.011505
54.942211
57.135136
56.926956
56.458996
56.356052
58.744133
58.918850
60.656586
60.359257
57.537193
55.491913
56.039822
58.011028
54.474251
56.484795
56.517235
57.578320
53.712029
53.671925
55.795879
53.100258
55.686043
57.237564
58.589592
58.836853
58.196987
56.904476
56.600761
54.192760
54.343212
53.809605
54.215240
53.507423
54.570042
54.924076
55.629082
56.977020
55.591530
55.798435
56.992603
57.376522
60.076488
60.752121
61.349842
60.620316
64.602829
63.208397
65.003098
63.242882
64.077652
64.067429
63.039810
65.252655
64.541779
66.799583
66.835091
67.502029
65.915771
66.314255
64.780098
65.787033
65.469780
65.760468
64.099106
64.370377
62.475040
61.153664
61.184574
62.618084
63.143261
64.448799
63.377499
63.447742
63.712887
63.979561
63.692963
61.900562
62.329952
62.683731
61.872463
61.773865
61.121990
61.869656
62.136330
61.123779
60.548538
59.779415
59.824120
58.902756
60.406002
60.022079
61.514599
61.579224
62.713104
63.175701
63.053093
60.831047
60.732193
60.079811
59.584774
60.297440
62.102612
63.066631
64.238571
63.780830
62.745293
63.298824
60.539852
60.006756
59.675198
59.808281
58.895348
59.687969
58.187534
57.675896
55.779533
54.854340
51.212837
50.072567
50.521881
50.326725
48.936127
50.618435
49.634491
51.492794
51.399303
52.173279
52.774063
53.120438
54.393021
55.279900
56.125393
54.959835
56.665897
58.664948
61.019306
60.017227
61.783573
61.850754
64.171143
65.999298
63.009926
61.215736
61.560066
65.715508
62.292145
61.178699
57.432976
55.300846
54.170536
51.854748
52.808037
52.543659
53.428493
52.298954
51.951302
51.488708
54.328396
52.595261
50.298882
47.809654
43.670555
44.087685
44.979668
48.471233
47.882454
47.522030
47.862019
48.346581
48.721817
48.164200
48.498821
49.825302
51.153065
46.901833
44.721424
45.040462
44.838413
46.373589
47.039764
48.200470
50.160690
52.419518
51.177841
51.096867
51.338512
52.181450
56.108025
54.058399
54.971844
49.987507
48.374424
46.733498
44.898441
44.798565
45.201389
45.469852
48.999733
49.105995
51.007721
53.653278
51.799065
48.916458
50.013306
50.691235
52.106865
52.516586
53.426704
54.106167
56.508038
55.170315
54.370289
54.519463
56.141998
54.707211
54.103867
54.563911
56.495266
57.966839
57.435528
56.947899
54.922798
54.381527
53.540119
51.181160
55.430862
55.573906
52.862701
51.765347
48.605850
46.105633
47.651539
45.814949
45.751343
45.321442
45.082867
47.628548
50.149708
49.864128
49.406643
49.742031
50.543591
45.364868
46.737076
47.936348
47.740173
48.011448
49.137669
53.021072
54.656380
54.490856
55.499062
58.382431
60.046604
63.254120
67.007507
66.139534
61.657131
62.589729
61.128376
60.572037
57.380867
60.156185
59.572258
58.348717
62.497009
63.344036
66.115776
66.509918
68.378693
68.310493
66.275681
66.659348
67.482620
66.764076
68.932991
70.230095
71.595154
70.414268
64.761452
63.723869
59.371738
50.968128
51.086395
50.306034
50.490715
47.965981
48.314396
41.264343
41.804337
39.153923
40.893703
41.218365
42.621223
46.723282
50.808990
55.979797
59.805981
61.411400
66.592422
65.430183
64.721352
65.066193
64.819435
64.351730
66.626907
68.393761
67.678795
67.472145
62.428040
62.975185
60.242779
60.727341
59.826927
63.062546
63.438801
60.745476
58.476688
59.023067
59.236870
59.380936
59.882866
60.356194
59.915054
61.766968
61.505402
62.380783
61.318680
60.694901
59.922203
60.212891
58.755627
60.566673
60.007774
59.840721
60.071636
59.544926
59.717091
59.421295
59.498692
58.191109
57.726727
57.386742
55.858974
56.240086
55.363682
54.863792
53.672180
50.988564
52.308403
50.296074
48.427299
47.283707
46.787395
45.917377
45.929893
44.497150
45.144424
45.325787
45.089508
47.147816
45.230762
45.121181
44.551048
46.663765
47.291882
46.093372
47.012947
45.940620
48.211201
48.700359
45.670116
44.459602
46.369244
45.546738
43.053932
43.431725
47.330452
45.464233
45.390156
45.771267
44.064949
45.140594
44.565094
44.751308
46.328888
45.173035
46.255066
45.016708
45.767948
45.779953
44.892567
43.691502
42.676395
43.953579
43.735947
43.641182
43.222775
42.597466
41.576996
39.366192
37.294601
37.165092
35.689693
34.493736
33.799717
33.038773
31.219040
31.302822
31.722761
32.199917
34.010452
35.996983
35.439877
33.859489
32.619087
30.707399
30.993999
30.778156
31.423134
30.539322
30.248634
31.436926
31.155436
30.710720
30.230499
30.596796
32.671707
32.997391
33.571609
33.593578
33.081684
34.961952
33.910320
31.937838
30.258596
29.802132
28.502470
27.841911
28.065674
27.630920
28.162739
28.303740
27.889166
27.554289
28.386246
28.524181
28.255463
28.629677
27.706530
28.315235
28.178576
28.518818
28.605923
28.233240
29.093040
28.862637
28.097603
28.480759
28.184961
27.916243
27.096546
27.384680
27.525936
26.527178
27.259260
28.345121
28.722912
28.624058
29.454227
29.160219
29.590374
30.529104
29.501482
29.238638
28.526993
28.495573
27.884569
28.217659
27.794655
27.726965
27.405624
27.537430
28.177811
27.680475
27.977037
27.737692
27.380848
26.974447
26.314144
27.575235
28.206930
28.431969
29.085888
28.449594
29.289471
29.178865
30.051949
30.885950
31.447655
31.756989
31.060925
30.918390
30.805487
30.697948
30.904341
29.345411
29.691784
30.062677
28.608988
28.993164
30.563078
31.113544
32.041035
32.350880
32.757534
32.828804
32.889851
33.182838
33.945572
34.095257
34.744324
35.360435
35.805149
34.945862
34.757607
35.843464
36.477203
37.200344
37.428452
36.809525
36.251907
36.060074
36.027382
35.869774
36.152290
36.158928
35.104744
36.278728
34.764755
35.253918
35.756615
35.020447
35.105255
34.427582
34.609962
34.743813
35.391342
35.963520
36.085876
35.664146
36.062119
36.349998
36.675678
37.190128
37.138020
36.589851
36.005924
36.944653
37.018730
36.414368
35.613571
34.916996
34.519791
33.808655
33.683235
34.587482
34.422726
35.171921
35.373463
35.585983
36.110142
36.435310
35.553543
35.748444
35.819710
36.452171
40.019344
40.939426
41.616589
42.207672
41.869728
42.688660
43.300682
44.559986
43.951027
43.866478
44.830238
44.620525
45.386326
45.391689
44.050903
45.089764
44.673656
44.468029
44.508389
44.476971
44.726021
44.466496
44.832027
46.132965
46.777431
47.026741
46.519440
46.988167
47.513603
46.576149
46.917923
47.575928
47.265827
47.505939
46.885994
47.603771
48.341984
49.488892
49.958385
50.205139
51.242722
50.946159
50.458275
50.269508
50.389565
51.294064
52.204441
52.492062
52.991951
55.796646
55.586933
55.340439
55.313107
56.051064
56.501396
56.897835
56.504463
56.769096
57.850357
58.133125
58.460342
57.996212
56.774715
57.674107
57.416626
58.528286
58.337730
58.824337
58.669800
59.519894
60.558754
62.180519
60.981247
60.542660
59.383492
59.803173
59.955414
60.473949
58.978367
60.012119
60.036640
59.895897
60.041237
59.712234
61.473473
61.747810
61.595062
61.211140
60.586853
61.503613
61.249454
60.747776
59.819008
60.215702
59.379402
59.031242
59.175819
58.942093
58.465706
59.715557
59.442749
59.857071
59.986320
61.024925
61.139107
62.336082
64.955330
63.844692
65.247292
65.874390
65.943871
65.347939
64.903473
64.133842
63.795902
63.914425
64.641655
65.120346
65.065170
63.865639
63.621185
64.390816
65.634789
66.099686
66.617714
66.280533
66.107605
65.709122
65.381142
65.666466
65.295570
63.532036
62.988468
63.734856
63.886581
64.464638
63.837540
64.354797
65.322395
64.931320
66.358444
64.912674
62.781052
62.409904
63.001751
62.625492
64.267181
63.029594
62.889614
63.629356
62.426506
63.343014
63.607391
61.061455
60.823132
59.056019
58.744385
58.829956
57.599007
56.882507
56.295517
56.717239
56.541245
56.606636
56.143532
55.062778
55.897289
56.570621
56.929764
55.661522
55.191006
55.264317
55.594086
56.497311
55.260487
53.241768
53.826210
55.062012
55.533546
53.240494
52.744179
51.755383
52.051434
51.425358
50.360954
50.726994
50.210503
50.107052
49.798992
51.406200
50.755859
51.974804
49.391315
48.514404
48.432407
49.368328
48.045422
46.931973
46.268604
46.447411
46.848953
47.576183
46.943211
46.295170
45.441498
46.495174
48.155514
48.082203
48.089611
47.151901
46.863258
46.852276
46.212151
45.927338
44.437378
43.825607
43.026855
42.890965
41.738178
41.773170
42.636292
42.971939
44.016674
43.877460
43.912712
43.624577
43.561741
42.649323
42.073055
42.916252
43.473358
44.265724
44.851952
43.170155
42.377537
43.652931
43.736202
44.120892
42.370384
41.866150
41.775982
41.806633
44.227665
44.482334
45.518387
45.596294
46.072174
46.047905
46.019806
48.235466
48.101360
47.025208
46.340893
45.605488
46.224667
46.670151
46.988422
47.926132
49.915218
50.825336
50.621243
52.986332
53.936302
54.757530
56.438305
56.513145
56.939217
56.031906
53.940132
52.896164
53.262714
52.972282
53.400906
54.093651
55.099304
53.901817
54.473484
55.054092
56.090656
57.525444
57.872837
59.381702
60.081345
61.395054
61.608597
61.541164
61.094658
60.534485
59.367142
59.246574
60.855827
60.931179
60.782516
62.280651
64.670265
63.907784
64.166031
64.115456
63.448765
65.022507
63.413513
64.114685
63.766273
63.135086
62.193291
62.467888
62.369545
62.720512
62.689095
63.782364
64.386726
64.313927
62.929718
61.964931
60.606266
61.376663
59.643524
59.911987
59.370461
59.810326
59.404179
57.891739
56.373936
53.791470
54.589710
53.213161
50.900692
51.362778
50.385220
46.075748
45.582756
45.107643
44.167637
45.339581
44.621292
46.810383
46.872711
47.608624
46.394791
48.022686
47.365448
47.864315
46.348808
46.354687
47.578995
45.275467
43.859070
44.052689
42.326706
42.579075
41.418884
39.610901
40.068130
40.091633
38.723003
39.965958
38.874477
37.720158
38.838715
38.443047
38.031792
39.600426
40.041058
41.948658
41.104439
41.926178
44.639938
45.925808
46.930695
47.112312
45.975105
47.713608
48.611214
47.682957
48.600739
53.812927
56.432430
57.911919
59.082329
57.469501
55.715927
52.935501
51.335190
52.543659
53.993263
56.366272
57.581127
57.878201
58.910675
58.813099
59.837402
58.549999
59.111195
61.233616
59.625389
58.855759
60.269089
58.863419
59.116814
58.336197
58.480267
58.391373
61.050724
63.482227
62.420887
62.804554
63.178257
63.383884
62.660233
61.552402
62.898041
61.861736
62.434937
58.221508
59.288467
60.094116
58.302227
55.769314
55.823212
54.445641
55.300846
56.057194
55.138386
53.062199
52.685429
55.707245
56.035992
55.615032
54.398643
56.366016
55.445423
54.976440
52.240967
53.630287
55.536102
53.428238
53.689037
55.355762
56.302666
55.539932
54.416267
53.385326
54.070152
51.618214
50.336433
50.231449
50.755604
50.696087
49.597454
50.416130
50.884598
52.934990
52.986076
52.706631
54.254066
53.258118
52.289246
50.839130
51.124199
51.411564
52.703053
52.537273
51.520893
51.216923
50.843987
52.013885
52.205719
52.797821
51.604164
52.258595
51.376827
51.448605
51.230717
52.028446
52.318623
51.826138
52.315811
55.288330
55.703156
57.451878
57.055695
56.807922
58.294819
57.164513
57.838097
55.424221
56.805878
57.363239
58.227127
56.646740
55.747860
55.441845
54.889591
54.860214
54.742458
55.348354
56.793873
57.608204
58.400314
57.290440
57.333611
57.017635
56.662834
55.238262
56.998478
55.914402
56.202282
55.895245
56.669220
58.401588
59.775074
59.071857
58.963295
58.588825
58.784489
56.192318
56.789783
58.634293
57.541790
60.080063
58.722675
59.167389
60.131153
61.939899
58.380646
58.482052
57.939251
59.457310
58.067989
57.691475
57.756359
56.795662
54.526871
54.877842
54.471954
53.105110
52.050156
51.322929
50.932621
50.507576
50.140003
47.264294
44.547981
44.711971
43.302216
42.546379
40.300323
40.830357
40.790764
42.562218
42.288898
41.008396
41.454899
40.666878
39.448956
40.382320
39.705669
39.804520
39.523033
40.421146
41.175194
43.414864
43.944130
46.760063
44.973030
45.232296
45.394501
44.862934
47.820637
46.895954
46.602459
48.833443
52.097668
51.526512
51.729839
52.376095
49.573444
49.527977
52.377628
52.029213
53.308949
51.817711
52.940353
51.506077
51.884125
50.146389
49.199226
49.150185
49.694519
49.391060
48.319248
49.040348
50.122887
52.047604
53.787891
54.559055
54.615509
55.099304
55.055115
54.151379
53.870399
53.649445
53.221844
53.269867
53.646381
52.249397
53.933235
52.635361
53.170502
53.158752
52.851974
53.205242
52.630253
53.734253
51.273117
52.142113
51.783993
52.876240
53.115330
51.576576
51.722942
52.278519
52.476994
50.834023
51.229694
50.998013
49.652119
49.546879
48.464848
46.819836
45.569729
45.358994
46.105125
44.999084
44.206463
44.931137
45.385303
44.296886
43.850128
45.563087
46.287506
46.452007
46.590454
46.032070
45.550827
45.232552
45.199856
45.358227
44.874939
44.342609
43.435043
43.097610
42.968616
44.027401
43.093525
42.339989
42.965042
42.238579
40.880421
41.248505
41.700371
41.354767
41.130493
40.781567
41.029343
40.380531
41.660526
41.878410
41.468693
41.716465
41.134583
39.237198
37.539822
36.700455
36.716549
36.580147
36.440933
37.525517
37.174545
35.828903
33.786942
31.926088
29.759985
28.847309
28.331839
29.006958
31.121717
29.132633
24.872459
23.963360
23.627205
25.584871
25.642601
25.329435
25.118189
24.887785
24.374357
24.565168
24.850237
26.239046
30.933971
33.668167
32.977722
33.573399
33.529465
34.865910
34.214035
34.238811
38.151337
40.792297
44.820278
44.099178
42.222229
40.739418
42.948692
41.845718
41.680702
42.142532
45.502293
47.562901
48.696018
48.379021
49.743820
50.441673
49.420692
49.650074
50.318806
50.211781
52.258850
50.560963
52.677509
55.142731
56.195385
55.284241
55.645428
59.067768
57.616634
58.355358
57.464905
57.361710
55.536358
57.445747
59.359734
60.192459
62.585388
62.266602
62.102104
63.278133
63.299332
62.932781
62.674538
63.603813
64.896072
64.811775
64.592865
64.591843
63.597939
62.947598
63.287838
59.882103
58.889221
60.487743
58.016647
57.421478
57.722130
55.944035
52.610584
50.602596
49.392338
48.657703
49.466927
46.527359
46.358261
47.402229
44.366367
44.585785
45.612640
44.740326
46.200912
48.899090
45.242516
42.746387
42.613304
39.808865
41.928478
45.603191
45.233574
46.137566
46.146503
47.691387
48.969845
46.880375
48.294472
44.996017
45.772034
46.563122
48.104683
47.366982
49.248783
51.730606
55.286030
55.185131
54.410137
55.000961
54.116131
52.241989
52.802162
53.008556
53.908714
52.244034
52.759251
52.845844
53.898499
55.621929
58.491760
60.880604
61.689316
64.070496
65.610016
65.993683
66.628441
68.231819
70.172112
70.140182
70.042099
69.498016
70.725647
68.967728
68.810379
67.327316
68.799652
69.429047
68.875008
67.944962
68.046112
69.364677
69.724335
70.495750
69.160072
69.100555
68.487511
70.097015
70.201996
70.377991
70.092926
70.121536
69.082420
68.707184
67.433578
68.112015
68.270386
68.092094
68.900803
67.725800
68.940140
67.349541
67.423874
67.168945
67.222076
69.316147
68.995827
68.901062
69.991776
70.854126
69.604790
69.541695
69.505173
68.063232
68.297211
67.547501
68.810127
70.288589
69.905441
69.726883
69.146790
68.501305
68.714592
67.157196
66.163544
67.292068
66.350784
65.487152
64.016602
63.925407
62.373631
61.580757
60.365898
58.542080
57.884075
57.415092
57.826603
56.355797
55.021652
55.671738
55.877621
55.458195
54.759064
56.833466
56.097809
56.463081
57.230156
58.287411
58.905567
57.759678
57.804123
59.264709
57.747417
56.833466
55.186153
53.191448
54.466587
53.247135
52.633831
53.434624
52.304062
51.959476
52.075703
50.760201
51.945171
51.099678
50.990604
50.033741
51.195976
51.236336
50.730827
51.236847
49.623508
49.107780
48.913395
47.296227
47.412960
47.438503
47.888329
46.877563
47.307976
47.362129
47.899567
48.784145
48.794872
49.538448
49.259510
49.006119
51.034542
51.614384
50.908611
51.049355
51.736225
51.577599
52.327560
53.526325
53.082378
53.424919
53.665028
53.365913
53.326065
53.371021
53.112774
53.380726
53.376640
54.322777
55.399956
55.791283
55.690132
56.542011
56.437538
56.595909
56.900391
56.970123
57.186733
57.010738
58.151264
59.082840
57.923923
57.643967
58.955376
58.226616
58.859844
59.186035
59.133926
59.206470
58.663158
59.507378
59.525257
59.441475
59.652977
60.456070
61.530434
62.655888
62.748611
61.955738
62.799957
62.754230
63.756821
64.077141
63.825279
64.119537
64.566811
64.990578
64.761963
64.158371
64.878700
64.383408
64.461319
64.509850
64.101151
65.789841
67.651466
68.381500
66.802902
65.065681
65.072067
65.286377
64.569366
64.872566
65.265938
66.886688
65.370163
66.461899
65.556114
64.508316
65.883591
67.111725
67.313011
69.105156
70.598946
71.156822
71.208160
71.260017
67.121178
63.650047
61.193771
60.124256
56.684036
54.850765
48.593330
49.711380
47.053307
45.624390
45.315315
46.445366
45.501526
45.272655
47.997910
50.831470
55.491146
59.193188
64.919823
65.348961
67.674713
69.145256
67.521698
67.438171
68.414711
67.821327
66.288200
68.533485
67.657593
66.577866
67.460396
65.306297
65.004372
64.100128
64.212006
64.868988
65.279221
65.446022
65.426613
65.800316
64.213799
64.657234
64.609726
64.252113
65.062614
64.813309
66.309143
66.288200
66.395737
66.903549
66.459084
65.744118
65.922928
66.165337
66.545425
65.253426
64.943832
67.088486
66.288963
65.286888
66.067245
66.753349
66.385773
66.236603
67.066002
67.244553
67.319138
66.495361
64.542801
65.334656
64.887642
65.458031
65.124176
65.631470
66.238388
65.604393
63.890160
63.779301
64.989044
65.835564
65.524445
65.124939
64.866180
65.050865
65.909637
65.539513
65.437851
65.205658
66.476967
66.805969
66.621292
68.445618
68.239990
68.710762
67.591690
67.948280
68.257362
68.703354
68.751373
69.092636
69.724586
68.873474
67.164604
68.203972
68.195038
68.355705
67.098701
66.650665
67.935509
68.718170
68.322243
67.429230
66.994484
67.287216
66.681061
65.690735
66.918869
67.870628
67.367165
68.853806
67.757469
66.578377
65.947189
65.568375
65.745392
66.049873
66.311188
66.627670
66.874939
66.259590
67.105850
66.950798
66.200073
66.352058
64.784698
63.991310
64.891212
65.417671
64.750473
64.615852
64.392860
65.048820
62.995365
63.549149
63.944054
63.944054
64.952263
65.689964
65.892273
65.016632
64.298347
64.218140
64.498100
64.748680
64.421982
64.774483
65.469269
65.481529
65.694565
65.733391
65.153290
64.373703
62.763939
62.067871
60.185051
59.511974
59.282593
59.753105
58.973770
58.496613
57.602585
57.439617
58.428921
57.608204
57.985229
58.530075
58.154327
59.877758
59.221798
58.609516
58.658562
57.201805
56.261032
55.331497
53.800156
52.831284
53.017494
52.920174
53.009323
55.101093
53.471916
52.085407
52.431522
53.007790
52.668312
52.532166
50.734146
51.584751
51.750019
53.166161
54.334270
54.266838
53.490566
51.772243
51.422806
51.493305
50.713200
50.554832
50.263123
48.395370
50.329281
51.328548
50.187000
49.497578
50.756371
49.710869
50.179596
48.393581
49.075596
48.753746
48.766006
48.087566
47.980286
49.217110
49.416859
48.919781
50.101429
51.192146
50.526222
50.327492
51.446560
52.159485
53.692871
55.439293
58.024822
57.908600
57.091713
56.715199
56.019642
56.311096
55.401230
54.491875
53.065006
51.919628
51.977104
51.647079
49.292717
46.922009
45.399353
45.832062
45.769226
47.380520
47.422920
48.552719
50.160946
49.879967
50.395439
50.595188
50.106285
49.264622
49.438828
48.155514
48.427555
47.996887
48.232910
48.438538
49.244442
47.947845
48.685799
49.818150
50.006153
51.532131
52.169189
52.013630
53.410358
54.092373
53.208561
53.130909
53.497463
52.777386
52.647625
51.581177
49.864384
49.317749
50.035271
49.110592
46.703102
47.073227
48.325634
48.612747
49.081726
48.383873
47.767506
46.661720
47.372089
47.270172
48.245682
46.938358
46.425697
46.601692
48.378254
46.931973
46.953941
44.838669
44.709419
44.338268
44.701500
45.326298
45.003681
44.960255
43.987553
43.955879
42.141258
43.205662
43.575535
44.719891
45.466530
45.536266
44.810314
44.473137
43.948215
44.177341
44.461132
45.471386
44.733173
46.469376
46.778198
48.499077
47.708755
46.799911
47.318703
47.277069
46.363113
47.141430
45.800644
45.115818
47.197372
47.929707
48.704193
49.021446
49.149162
48.998199
48.126904
49.106506
51.158173
50.940540
50.315998
50.469261
49.702438
50.777573
51.804428
51.897919
50.780636
49.910873
49.972435
49.593113
48.853622
51.509399
49.995934
50.869785
48.181824
47.501083
47.085999
45.278019
46.538857
47.845158
49.815086
48.384384
49.006630
48.587456
47.807098
47.366982
48.301880
47.993313
48.165474
48.112091
46.927887
45.000103
45.387344
46.069107
45.394241
46.450985
46.540386
44.803162
46.101292
45.376106
45.281853
46.264771
45.404205
44.491531
47.591255
45.767693
45.343155
44.851185
44.037365
43.670300
41.105461
42.484566
43.370419
44.085129
43.861366
45.634609
44.754120
47.511047
49.156570
52.064716
50.943352
50.620224
52.704330
54.220860
56.204067
58.647831
54.789715
56.082737
57.133347
56.785698
57.547665
57.005375
57.437572
56.685310
56.385174
54.872223
55.952972
56.247238
55.684509
57.683048
59.981979
59.596523
58.280514
58.228661
55.549385
58.196476
56.556828
55.438015
53.731953
54.820877
56.102661
55.590767
55.961147
56.162689
56.046463
56.245705
55.374409
56.132545
58.602108
58.710926
57.891228
57.029640
56.926701
55.743004
56.238297
57.176262
54.782051
55.303654
54.666851
54.941189
54.114342
55.990013
55.512093
56.975742
57.773727
57.285332
60.021568
59.277229
58.890495
60.475990
63.279922
63.471245
65.077171
66.268272
62.235439
62.745804
64.338959
66.000580
64.080460
65.460075
65.140015
65.651649
66.386284
64.803604
63.948910
63.265362
64.021706
65.093521
65.464668
63.014267
63.776234
63.606625
60.924026
60.474968
61.865311
62.065319
64.228867
62.637753
62.694458
63.739960
64.074074
63.332283
63.433182
62.947598
60.959023
61.164139
59.614147
61.289558
62.028534
61.031311
61.025181
57.645752
58.950012
59.825138
59.745445
58.738510
61.236172
60.893120
61.288536
62.021896
63.950951
62.444897
61.113815
59.857323
60.877541
60.202419
60.039963
61.880383
63.137897
63.714165
63.274300
63.167019
62.493687
60.730919
59.521683
59.458588
59.838421
58.271828
60.559265
58.656517
57.531574
56.560402
55.428818
51.963821
50.254948
51.286144
51.733925
49.893761
49.640621
49.694008
49.775749
50.316765
51.187290
52.669590
53.108433
53.958015
55.791538
56.609703
57.366817
57.348427
59.075432
61.755730
60.588638
63.139175
63.124870
64.745102
63.405083
60.240990
60.239967
63.539188
64.107025
61.442566
60.337288
56.672028
55.876343
54.266327
54.092884
56.333065
53.890068
52.360767
51.202106
52.643024
53.903606
53.229507
50.011005
49.415329
44.426392
44.099689
44.720146
45.299732
47.579250
47.651283
47.969555
47.573120
48.968315
48.337383
48.887341
49.609970
49.126175
47.688065
46.119171
44.792435
45.461678
46.351364
46.672192
47.359829
48.843914
51.298920
52.404449
50.796474
50.303482
50.992393
52.795776
56.828102
54.189182
53.422108
48.479919
47.549618
45.786850
45.579178
46.088264
46.291847
46.333229
50.266697
50.799282
51.524212
53.395031
52.382992
49.912151
48.808155
51.135437
52.279030
52.667549
52.031765
54.093906
55.686298
56.169075
55.973919
53.752899
55.337883
54.795078
53.420063
53.579967
55.183853
58.157650
59.658085
59.257812
57.288910
55.097519
55.303398
52.126789
51.419228
54.108212
55.050518
51.403393
50.796986
48.553230
45.053745
47.198135
45.322208
45.293346
45.664749
45.916611
48.654125
51.149487
49.857487
47.871723
50.231194
49.938972
47.640553
46.847424
46.602459
49.106251
49.221195
52.206997
52.359234
54.704910
55.795879
57.188522
59.498180
62.826263
65.415627
65.470543
62.612465
60.469604
62.666870
60.406769
59.697678
60.278793
58.576054
59.578899
61.367210
64.253899
66.362274
66.966385
68.254807
67.566406
65.210770
66.305054
68.065269
69.894196
71.726448
71.397186
71.723633
68.939377
64.808708
64.863373
60.514816
53.714584
50.576031
47.745537
51.227650
48.794106
50.006664
42.099365
37.946476
38.808319
38.538322
37.717606
39.092365
41.279922
44.483356
48.685291
52.191414
61.252266
55.759609
61.341667
59.232018
60.084152
61.229530
62.653080
62.039520
61.184574
65.336952
66.904823
66.092537
63.919277
62.000950
61.358524
60.902317
61.257374
60.845608
61.124802
59.813133
59.523212
59.398560
58.703518
58.175018
58.380135
59.080032
60.910492
60.992485
61.292625
60.508942
58.875938
58.495590
59.986065
59.075687
60.613930
59.197277
59.044014
59.214901
58.999058
59.129330
58.978111
59.535984
57.188522
58.121120
58.474388
58.129040
57.391850
57.186478
57.268986
57.104996
56.517746
54.644115
53.561577
53.002426
50.888432
49.326946
48.092934
47.329178
45.585312
45.140083
46.656868
47.482437
48.649273
46.764404
47.973389
49.279945
49.917259
48.238022
48.421936
48.149639
48.426022
50.022755
48.747871
47.817825
46.348045
47.031849
44.847355
45.580711
45.809582
46.295425
47.263020
46.031303
46.546772
46.183033
45.487221
45.294880
44.039917
45.120926
44.290756
43.629177
44.197010
44.012585
43.146145
43.202850
42.064114
41.102905
39.364914
39.016499
38.375099
38.016209
36.470818
35.900429
34.326935
33.790009
33.308258
32.949879
35.603100
36.462387
36.466221
32.510529
32.634159
32.354454
30.504583
30.006226
30.029982
30.274435
30.451452
30.570230
28.929049
28.881283
29.005936
29.215904
29.074648
28.969919
28.463388
28.435034
30.232033
30.531149
33.689369
34.186447
36.019207
35.296066
35.171669
34.702942
32.693676
31.328112
30.432806
28.460323
28.852674
28.067717
27.974993
27.941786
28.740793
28.756630
29.064941
28.752031
28.567350
29.451674
29.022795
29.458315
29.957693
28.660074
28.408724
28.884604
29.153067
28.675655
28.062353
28.568628
28.779108
28.074358
28.661097
28.952549
28.718313
28.638618
28.198500
27.029112
27.079432
27.377527
27.340744
26.967039
27.570126
26.958611
27.553778
28.369642
28.370920
28.800310
29.228676
29.442732
29.113985
28.882050
27.865156
28.117527
27.700399
28.130810
28.095560
28.240902
28.195690
27.566549
27.632963
27.647524
27.807171
26.853371
27.283270
26.994627
26.075821
26.185915
27.686094
28.096581
28.174234
27.990065
29.150002
29.268524
30.068808
31.136534
31.553917
31.878576
31.170761
31.141897
30.367157
30.204700
31.029505
29.865736
29.887192
29.832785
29.011044
29.358694
30.887226
30.755676
31.133724
32.005783
32.543991
32.510017
32.976189
32.999947
34.245453
34.244179
34.580330
35.326717
35.826862
35.090439
34.680462
35.776794
36.436333
