-0.029609
-0.022166
-0.017352
-0.017821
-0.021426
-0.022755
-0.023342
-0.024441
-0.026293
-0.031641
-0.040263
-0.045328
-0.056782
-0.058064
-0.057619
-0.055402
-0.056701
-0.051920
-0.051070
-0.047542
-0.042219
-0.042974
-0.041413
-0.035246
-0.033169
-0.033422
-0.030947
-0.032506
-0.028557
-0.026708
-0.023503
-0.028549
-0.030419
-0.028700
-0.026938
-0.026792
-0.025473
-0.026510
-0.025037
-0.015028
-0.013401
-0.015398
-0.012383
-0.009637
-0.008511
-0.003555
0.001876
-0.001886
0.006515
0.010390
0.010838
0.009295
0.005438
0.007121
0.005762
0.010505
0.002498
0.008173
0.008453
0.005430
0.007583
0.011091
0.005637
0.010437
0.012595
0.011828
0.015940
0.023703
0.023352
0.019685
0.020042
0.020116
0.018530
0.022517
0.027714
0.028709
0.032134
0.029938
0.031532
0.033776
0.041646
0.048405
0.057101
0.053659
0.049916
0.048785
0.057625
0.061904
0.062811
0.060203
0.060277
0.061098
0.057186
0.047547
0.053225
0.061865
0.075942
0.055122
0.058189
0.064484
0.059561
0.063664
0.073787
0.063744
0.054480
0.053569
0.042660
0.031303
0.021840
0.017479
0.021373
0.025010
0.024257
0.022394
0.022444
0.025067
0.020115
0.015021
0.006108
0.003288
-0.001133
-0.002506
-0.008666
-0.021218
-0.024611
-0.028944
-0.028635
-0.029198
-0.032474
-0.035169
-0.034767
-0.033551
-0.032605
-0.029578
-0.024621
-0.019026
-0.018138
-0.020219
-0.027123
-0.021788
-0.019281
-0.019745
-0.030674
-0.030512
-0.027742
-0.030690
-0.033165
-0.035618
-0.032323
-0.028301
-0.025806
-0.028993
-0.028332
-0.025784
-0.025164
-0.022968
-0.021342
-0.019946
-0.023215
-0.023060
-0.023527
-0.020730
-0.017994
-0.014889
-0.011681
-0.011629
-0.013092
-0.010008
-0.014003
-0.013468
-0.012109
-0.010719
-0.010917
-0.011537
-0.012353
-0.013911
-0.013814
-0.011775
-0.016231
-0.017948
-0.012830
-0.012963
-0.018433
-0.025081
-0.030659
-0.034883
-0.030579
-0.031561
-0.034438
-0.035786
-0.037236
-0.037694
-0.041520
-0.037172
-0.040996
-0.037395
-0.033198
-0.030393
-0.027884
-0.026590
-0.024262
-0.024565
-0.022818
-0.023001
-0.021321
-0.024766
-0.026725
-0.030774
-0.029746
-0.028841
-0.028021
-0.026040
-0.024017
-0.025858
-0.024878
-0.023275
-0.023389
-0.027525
-0.031235
-0.030391
-0.031298
-0.031959
-0.028567
-0.025309
-0.026709
-0.023809
-0.026232
-0.029609
-0.032936
-0.033177
-0.031611
-0.031026
-0.026442
-0.030281
-0.031682
-0.030835
-0.031448
-0.031851
-0.035986
-0.031227
-0.027343
-0.024219
-0.026802
-0.024599
-0.023427
-0.021887
-0.020634
-0.019618
-0.020837
-0.021838
-0.025855
-0.023294
-0.028927
-0.031112
-0.030066
-0.030219
-0.029525
-0.028193
-0.020838
-0.023963
-0.025100
-0.027486
-0.025693
-0.031502
-0.032183
-0.031620
-0.030991
-0.030253
-0.028875
-0.023491
-0.021441
-0.023744
-0.024533
-0.026027
-0.031268
-0.032638
-0.035052
-0.033999
-0.032282
-0.028430
-0.022602
-0.023522
-0.025280
-0.024097
-0.024338
-0.025975
-0.025677
-0.022210
-0.023060
-0.019181
-0.015437
-0.020058
-0.020785
-0.016702
-0.016935
-0.015230
-0.014423
-0.013906
-0.020193
-0.020236
-0.018763
-0.022424
-0.021477
-0.025797
-0.023992
-0.024116
-0.029050
-0.028113
-0.024103
-0.021272
-0.022065
-0.020502
-0.021560
-0.018877
-0.016312
-0.017718
-0.018760
-0.018627
-0.015559
-0.019115
-0.017054
-0.017313
-0.012700
-0.013998
-0.010237
-0.015740
-0.015186
-0.009444
-0.008844
-0.015160
-0.010134
-0.011637
-0.007980
0.003030
0.009940
0.000132
-0.006537
-0.009183
-0.014894
-0.016898
-0.007960
-0.006940
-0.011499
-0.021820
-0.037609
-0.034738
-0.035231
-0.025809
-0.023635
-0.019900
-0.016708
-0.017692
-0.011921
-0.006010
-0.012527
-0.010657
-0.010294
-0.012963
-0.012880
-0.005027
-0.004731
-0.001599
0.001261
0.000749
0.001056
0.004316
0.004505
0.001763
0.000331
-0.001314
-0.001442
-0.003930
-0.003060
-0.001610
0.006578
0.004704
0.003341
0.004308
0.001233
-0.001366
-0.004025
-0.002789
0.000606
-0.004382
-0.004486
-0.005415
-0.004672
-0.006225
-0.007550
-0.010115
-0.011329
-0.014061
-0.010662
-0.003244
-0.000160
0.001098
0.000946
-0.004577
-0.006366
-0.008654
-0.009906
-0.009587
-0.008334
-0.007821
-0.005722
-0.006578
-0.009911
-0.014721
-0.017665
-0.010149
-0.009666
-0.008064
-0.004194
-0.001578
0.000040
-0.004249
-0.007459
-0.002296
0.001288
0.000565
-0.000732
-0.001533
0.000011
-0.005039
-0.006403
-0.010141
-0.013024
-0.014481
-0.018498
-0.016643
-0.015354
-0.016476
-0.015648
-0.016206
-0.014625
-0.014084
-0.018279
-0.016942
-0.017257
-0.017142
-0.015429
-0.011666
-0.014879
-0.017421
-0.016380
-0.023707
-0.025922
-0.027169
-0.025864
-0.024410
-0.017521
-0.017153
-0.018459
-0.020092
-0.028023
-0.031187
-0.027619
-0.020801
-0.024176
-0.018253
-0.020560
-0.025466
-0.026046
-0.032059
-0.031655
-0.022932
-0.021852
-0.025616
-0.022937
-0.016959
-0.019568
-0.020274
-0.016716
-0.017120
-0.016001
-0.014635
-0.017599
-0.016473
-0.014482
-0.020315
-0.016245
-0.020114
-0.018133
-0.012956
-0.011461
-0.006303
-0.005310
-0.005460
-0.011829
-0.008137
-0.016866
-0.022893
-0.019042
-0.023868
-0.024290
-0.023162
-0.032716
-0.033302
-0.035005
-0.031465
-0.031287
-0.027077
-0.031116
-0.041019
-0.045373
-0.045484
-0.048610
-0.046130
-0.051494
-0.052882
-0.047643
-0.039583
-0.040589
-0.045500
-0.033395
-0.028623
-0.035761
-0.042753
-0.047598
-0.043160
-0.042132
-0.039515
-0.039552
-0.038111
-0.036151
-0.032179
-0.030629
-0.028833
-0.035737
-0.036725
-0.034481
-0.031460
-0.034201
-0.030665
-0.030917
-0.035055
-0.036613
-0.036714
-0.032803
-0.034470
-0.033625
-0.036035
-0.036120
-0.036550
-0.045711
-0.046110
-0.051269
-0.052897
-0.053664
-0.058625
-0.053624
-0.047038
-0.043306
-0.040137
-0.039231
-0.039775
-0.045858
-0.047997
-0.049472
-0.047282
-0.052833
-0.041493
-0.029848
-0.025142
-0.018330
-0.025639
-0.024953
-0.029386
-0.035098
-0.033480
-0.039033
-0.041717
-0.042674
-0.043150
-0.033554
-0.029040
-0.024338
-0.031983
-0.030931
-0.030959
-0.029452
-0.032569
-0.034903
-0.044559
-0.045108
-0.046130
-0.042304
-0.044989
-0.043063
-0.046955
-0.047433
-0.048313
-0.051546
-0.051141
-0.057342
-0.055919
-0.056395
-0.059366
-0.056907
-0.053393
-0.049347
-0.038088
-0.030094
-0.028152
-0.034279
-0.033095
-0.043577
-0.039839
-0.039980
-0.039544
-0.039705
-0.040267
-0.036806
-0.034649
-0.031124
-0.023673
-0.028756
-0.031040
-0.036555
-0.031531
-0.034620
-0.034138
-0.037632
-0.041708
-0.038988
-0.039176
-0.042005
-0.042004
-0.044903
-0.046803
-0.046188
-0.040699
-0.043143
-0.046989
-0.047667
-0.054211
-0.054160
-0.049479
-0.042715
-0.038808
-0.035593
-0.034753
-0.037915
-0.043268
-0.045507
-0.042237
-0.047673
-0.050135
-0.046595
-0.042139
-0.038899
-0.037925
-0.034140
-0.031370
-0.030032
-0.033000
-0.034182
-0.037353
-0.035310
-0.038533
-0.039425
-0.034540
-0.038407
-0.035616
-0.031432
-0.033112
-0.026983
-0.027907
-0.027637
-0.025394
-0.030185
-0.036118
-0.038150
-0.033878
-0.036716
-0.034071
-0.025726
-0.029440
-0.021614
-0.017032
-0.017987
-0.017510
-0.022949
-0.029382
-0.033172
-0.034470
-0.028653
-0.032337
-0.033121
-0.027805
-0.031598
-0.031416
-0.032583
-0.031900
-0.038253
-0.039733
-0.043510
-0.052058
-0.052745
-0.059072
-0.049790
-0.052276
-0.044212
-0.036941
-0.037709
-0.039089
-0.034580
-0.038115
-0.032883
-0.034380
-0.031895
-0.037771
-0.035764
-0.034014
-0.035042
-0.036372
-0.040931
-0.036497
-0.032393
-0.031288
-0.035609
-0.040882
-0.042607
-0.051211
-0.047296
-0.046405
-0.041655
-0.041613
-0.028865
-0.022090
-0.016539
-0.008532
0.003039
0.008251
0.002428
-0.002168
-0.021027
-0.028782
-0.017774
-0.023468
-0.024567
-0.020439
-0.009772
-0.005557
-0.008532
-0.011360
-0.013333
-0.020978
-0.019098
-0.017627
-0.019365
-0.012310
-0.008483
-0.000145
0.004243
-0.001780
-0.000114
-0.013163
-0.023221
-0.015133
-0.003493
-0.010596
-0.006004
-0.001752
-0.005284
-0.003743
-0.004931
-0.000023
-0.000910
-0.005651
-0.003673
-0.003456
-0.006434
-0.012492
-0.008183
-0.013503
-0.014936
-0.021675
-0.030219
-0.034962
-0.041959
-0.036520
-0.028818
-0.028957
-0.027596
-0.031235
-0.031329
-0.036605
-0.033785
-0.037217
-0.045750
-0.042116
-0.050903
-0.048604
-0.039760
-0.037689
-0.037150
-0.044682
-0.043038
-0.037955
-0.033745
-0.036599
-0.028776
-0.024661
-0.024542
-0.020355
-0.017592
-0.018097
-0.019788
-0.019603
-0.013538
-0.020436
-0.024000
-0.023644
-0.022058
-0.016226
-0.018605
-0.021638
-0.024245
-0.019959
-0.023236
-0.027008
-0.024475
-0.016684
-0.018497
-0.015925
-0.013057
-0.012184
-0.014495
-0.015750
-0.016047
-0.017241
-0.017601
-0.015445
-0.010940
-0.008169
-0.013350
-0.015746
-0.021714
-0.018509
-0.025582
-0.032706
-0.032907
-0.029469
-0.036182
-0.036955
-0.037727
-0.037623
-0.037718
-0.030903
-0.024756
-0.022162
-0.019211
-0.028013
-0.030818
-0.028565
-0.030197
-0.029755
-0.030537
-0.033853
-0.033888
-0.035843
-0.037726
-0.037004
-0.042480
-0.047604
-0.045552
-0.047261
-0.048234
-0.047656
-0.042903
-0.040893
-0.041797
-0.039559
-0.029728
-0.026777
-0.024154
-0.017678
-0.014923
-0.021608
-0.025826
-0.030261
-0.022035
-0.020760
-0.011889
-0.009926
-0.012868
-0.012430
-0.022002
-0.029520
-0.032561
-0.024615
-0.021424
-0.020028
-0.029207
-0.020071
-0.015201
-0.012098
-0.001200
-0.000644
0.010826
0.017446
0.016148
0.028920
0.035565
0.038582
0.028515
0.039374
0.033593
0.023480
0.028175
0.019197
0.021460
0.022854
0.028621
0.035488
0.037315
0.038543
0.044237
0.051878
0.051382
0.047392
0.038116
0.043194
0.033459
0.038755
0.038374
0.047524
0.059793
0.065954
0.075232
0.065323
0.067531
0.061867
0.066952
0.067904
0.070905
0.072843
0.067712
0.072023
0.075578
0.068343
0.069272
0.066650
0.067364
0.060747
0.064537
0.057029
0.053141
0.071844
0.079136
0.078630
0.077395
0.072959
0.076984
0.070316
0.069582
0.072474
0.069609
0.065880
0.063182
0.060381
0.061423
0.056809
0.051248
0.050143
0.043710
0.040220
0.038963
0.037193
0.039265
0.048596
0.047078
0.055480
0.054062
0.053261
0.054310
0.050838
0.051773
0.040691
0.053713
0.065553
0.057312
0.074257
0.076594
0.077863
0.078942
0.079017
0.081349
0.061381
0.065550
0.056607
0.047210
0.052525
0.058458
0.065851
0.059619
0.056046
0.060544
0.060972
0.045481
0.037712
0.027178
0.025543
0.013569
0.019952
0.021304
0.014935
0.007567
0.010747
0.006684
0.003560
0.003685
0.010744
0.018006
0.012420
0.013019
0.013600
0.012331
0.008136
0.003875
-0.001866
0.001382
-0.000297
-0.008204
-0.007025
-0.006522
-0.009106
-0.003574
0.001137
-0.007435
-0.012422
-0.010821
-0.002197
-0.010985
-0.010270
-0.013952
-0.018224
-0.021147
-0.027112
-0.018398
-0.011416
0.007453
0.017967
0.026966
0.028371
0.026800
0.018076
0.019652
0.016458
0.004841
0.008566
-0.005468
-0.003741
0.000084
0.003596
-0.001662
0.003894
0.005040
0.001624
0.001604
0.000176
0.000069
-0.000590
0.007150
0.009442
0.001752
-0.008478
-0.009392
-0.012187
-0.012930
-0.014563
-0.014809
-0.012765
-0.009151
-0.009639
-0.015534
-0.018660
-0.023030
-0.021863
-0.026096
-0.021879
-0.017328
-0.013012
-0.012871
-0.006937
-0.008274
-0.004534
-0.008075
-0.011905
-0.009712
-0.009669
-0.012373
-0.006730
-0.009307
-0.011273
-0.004136
-0.012376
-0.011003
-0.016065
-0.021530
-0.026091
-0.026075
-0.028920
-0.027122
-0.021739
-0.022730
-0.017046
-0.013483
-0.013317
-0.012468
-0.003699
-0.009176
-0.006902
-0.001273
-0.002942
-0.007064
-0.017378
-0.005300
-0.018572
-0.020104
-0.022398
-0.028839
-0.032818
-0.038026
-0.037885
-0.031650
-0.028706
-0.026420
-0.026659
-0.027208
-0.026245
-0.027100
-0.030860
-0.030026
-0.030714
-0.030932
-0.034784
-0.034032
-0.033382
-0.035003
-0.036833
-0.037469
-0.039949
-0.037778
-0.037143
-0.035650
-0.034309
-0.033017
-0.036811
-0.041525
-0.042677
-0.041681
-0.038471
-0.034693
-0.037446
-0.037795
-0.037843
-0.042435
-0.045945
-0.046321
-0.042682
-0.042031
-0.041958
-0.041381
-0.038454
-0.037432
-0.035794
-0.035735
-0.029431
-0.027669
-0.030019
-0.038001
-0.039248
-0.043757
-0.046712
-0.051046
-0.053639
-0.049613
-0.047281
-0.043741
-0.048630
-0.049231
-0.045906
-0.049056
-0.049182
-0.046866
-0.041661
-0.040528
-0.039736
-0.041047
-0.037919
-0.040263
-0.037952
-0.038387
-0.037351
-0.037731
-0.041446
-0.043622
-0.045958
-0.042696
-0.038961
-0.036405
-0.035409
-0.037974
-0.037244
-0.038615
-0.037854
-0.039717
-0.039497
-0.037718
-0.035534
-0.036289
-0.040243
-0.038090
-0.038932
-0.041648
-0.044414
-0.048350
-0.051030
-0.046217
-0.046677
-0.047062
-0.045664
-0.046496
-0.044720
-0.043349
-0.043978
-0.047221
-0.042609
-0.044611
-0.048596
-0.046891
-0.045030
-0.048740
-0.047417
-0.052458
-0.052050
-0.055963
-0.058475
-0.062413
-0.062351
-0.061989
-0.063444
-0.067030
-0.070697
-0.074419
-0.073183
-0.066986
-0.068318
-0.068887
-0.070086
-0.067962
-0.070257
-0.067354
-0.070855
-0.069371
-0.062040
-0.059565
-0.058144
-0.055896
-0.056743
-0.054733
-0.049200
-0.043328
-0.043945
-0.043213
-0.042776
-0.045247
-0.049689
-0.046061
-0.047261
-0.046771
-0.044704
-0.048377
-0.050004
-0.051338
-0.056852
-0.058664
-0.057731
-0.053778
-0.054643
-0.052616
-0.048355
-0.049978
-0.047633
-0.049653
-0.048090
-0.048677
-0.047493
-0.045101
-0.049107
-0.052515
-0.058735
-0.056620
-0.057444
-0.058407
-0.057208
-0.054324
-0.052154
-0.053045
-0.051719
-0.053110
-0.052884
-0.055681
-0.052045
-0.051601
-0.053783
-0.057051
-0.055627
-0.054223
-0.058382
-0.058495
-0.055060
-0.055352
-0.054046
-0.055216
-0.052319
-0.050029
-0.050826
-0.050976
-0.051588
-0.049712
-0.044839
-0.041587
-0.043793
-0.046740
-0.047773
-0.053088
-0.052276
-0.052978
-0.055349
-0.055578
-0.051415
-0.046160
-0.040545
-0.039120
-0.035579
-0.032266
-0.036239
-0.036055
-0.040600
-0.041398
-0.044960
-0.042722
-0.037832
-0.042854
-0.039053
-0.033410
-0.034851
-0.039827
-0.037483
-0.039052
-0.037283
-0.038793
-0.037915
-0.033537
-0.033945
-0.038251
-0.040893
-0.041365
-0.038234
-0.032716
-0.032091
-0.030249
-0.031195
-0.028778
-0.035194
-0.032751
-0.034321
-0.033669
-0.033648
-0.032772
-0.029144
-0.028439
-0.027936
-0.030085
-0.026521
-0.032253
-0.027002
-0.030554
-0.036996
-0.034853
-0.029760
-0.030496
-0.029233
-0.029156
-0.025501
-0.031215
-0.034259
-0.031072
-0.033733
-0.038771
-0.041137
-0.036484
-0.034049
-0.026648
-0.025656
-0.023848
-0.021280
-0.017278
-0.014424
-0.011566
-0.015768
-0.022783
-0.017757
-0.016190
-0.020122
-0.020484
-0.014867
-0.009511
-0.011389
-0.008723
-0.002767
-0.009985
-0.015237
-0.017785
-0.018824
-0.020280
-0.014483
-0.016687
-0.016936
-0.015324
-0.006152
-0.010996
-0.012402
-0.014245
-0.014065
-0.019042
-0.014866
-0.010851
-0.011921
-0.013779
-0.011791
-0.012841
-0.011089
-0.007404
-0.004442
-0.005597
-0.006874
-0.006393
-0.006935
-0.009044
-0.008829
-0.011285
-0.008547
-0.009003
-0.007205
-0.007204
-0.004213
-0.001241
-0.000366
-0.000699
-0.002107
-0.008449
-0.008759
-0.008820
-0.009589
-0.010112
-0.009119
-0.011432
-0.010646
-0.008344
-0.007815
-0.011195
-0.005637
-0.005385
-0.004895
-0.005117
-0.005536
0.004101
0.003134
0.007080
0.015418
0.012846
0.009667
0.008159
0.002500
0.006714
0.007622
0.009476
0.004875
0.001883
0.002078
0.003006
-0.010014
-0.009775
-0.010775
-0.009472
-0.013636
-0.014191
-0.015648
-0.022181
-0.024027
-0.024379
-0.021543
-0.018691
-0.021077
-0.016449
-0.010623
-0.008637
-0.010648
-0.014279
-0.020331
-0.020858
-0.030012
-0.038416
-0.038702
-0.036370
-0.042129
-0.036965
-0.033505
-0.029804
-0.030635
-0.025816
-0.026073
-0.023397
-0.028001
-0.025745
-0.026173
-0.030481
-0.030417
-0.032318
-0.030316
-0.030370
-0.031875
-0.031979
-0.034091
-0.035429
-0.030412
-0.030218
-0.027834
-0.026584
-0.024414
-0.022901
-0.025100
-0.023864
-0.029427
-0.036345
-0.044269
-0.046839
-0.047398
-0.045512
-0.041941
-0.039374
-0.033625
-0.037689
-0.036887
-0.036254
-0.038483
-0.036972
-0.041803
-0.042936
-0.042218
-0.041075
-0.045332
-0.038564
-0.034811
-0.030832
-0.032689
-0.034251
-0.036350
-0.039157
-0.040872
-0.042616
-0.041982
-0.039902
-0.038793
-0.038454
-0.038039
-0.034558
-0.037569
-0.036019
-0.037039
-0.038121
-0.042626
-0.042451
-0.044227
-0.041330
-0.039228
-0.036157
-0.032805
-0.030119
-0.037980
-0.033040
-0.030456
-0.030309
-0.029566
-0.022649
-0.024656
-0.023042
-0.019776
-0.016498
-0.016298
-0.017739
-0.019775
-0.016712
-0.015043
-0.021814
-0.026540
-0.031952
-0.032677
-0.029367
-0.021696
-0.021109
-0.020436
-0.022594
-0.022028
-0.020131
-0.020509
-0.019308
-0.021358
-0.021458
-0.021995
-0.020808
-0.020890
-0.025957
-0.021988
-0.022093
-0.027152
-0.029844
-0.030620
-0.029296
-0.026011
-0.021113
-0.020698
-0.022815
-0.024025
-0.028207
-0.031155
-0.030327
-0.022533
-0.022347
-0.013670
-0.010269
-0.006224
-0.007193
-0.008210
-0.012666
-0.016365
-0.019387
-0.014244
-0.011846
-0.007420
-0.003800
0.003938
0.010427
0.014877
0.012624
-0.001843
-0.003645
-0.003561
0.003069
0.007134
0.034503
0.041900
0.044934
0.054208
0.054767
0.068122
0.066527
0.048151
0.023464
0.019558
0.017032
0.017983
0.020574
0.018120
0.027568
0.023272
0.019674
0.029848
0.024317
0.027822
0.028247
0.016742
0.017687
0.019881
0.021167
0.020814
0.025800
0.033291
0.036848
0.036382
0.041522
0.043122
0.040394
0.042247
0.052329
0.043360
0.045321
0.049499
0.069346
0.055927
0.066518
0.075143
0.091048
0.101994
0.109558
0.093500
0.077698
0.077880
0.079646
0.069907
0.057693
0.044004
0.034730
0.032484
0.028139
0.023329
0.023341
0.025061
0.022029
0.019425
0.002731
-0.000492
-0.003479
-0.013295
-0.020384
-0.018626
-0.028051
-0.025416
-0.027263
-0.018280
-0.016086
-0.016671
-0.014082
-0.016190
-0.007296
-0.007889
-0.000960
-0.002267
-0.009648
-0.005808
-0.003944
-0.000988
0.005211
-0.001711
0.006487
0.013409
0.012044
0.006664
0.002167
0.009082
0.004765
-0.011671
-0.005934
-0.002905
0.003771
-0.000324
-0.007040
-0.004229
-0.006465
-0.016322
-0.015626
-0.015570
-0.013096
-0.012592
-0.001124
0.005661
0.011826
0.010943
0.018421
0.004946
-0.002680
-0.008076
-0.013249
-0.025837
-0.025422
-0.026600
-0.026706
-0.033944
-0.027125
-0.029893
-0.023431
-0.027432
-0.016787
-0.017439
-0.022947
-0.028809
-0.037035
-0.031238
-0.029803
-0.033981
-0.033258
-0.026812
-0.030885
-0.029572
-0.032664
-0.031855
-0.033478
-0.033699
-0.034842
-0.032397
-0.036038
-0.037698
-0.041683
-0.042972
-0.041459
-0.042781
-0.033758
-0.030683
-0.024046
-0.016176
-0.016155
-0.017487
-0.018470
-0.018711
-0.014609
-0.022052
-0.015437
-0.010732
-0.014255
-0.015443
-0.020179
-0.021428
-0.022650
-0.025923
-0.031735
-0.038703
-0.041441
-0.037541
-0.039069
-0.042823
-0.048006
-0.046982
-0.046820
-0.045650
-0.043088
-0.044151
-0.045693
-0.055155
-0.047175
-0.045260
-0.041791
-0.030667
-0.034016
-0.033069
-0.026492
-0.032231
-0.037848
-0.034969
-0.032878
-0.028595
-0.033843
-0.024388
-0.022272
-0.021523
-0.028668
-0.026607
-0.027324
-0.018981
-0.026547
-0.023161
-0.026158
-0.026739
-0.039327
-0.045185
-0.040154
-0.042606
-0.041625
-0.038515
-0.032716
-0.036604
-0.039803
-0.036807
-0.038885
-0.036709
-0.033962
-0.029728
-0.030034
-0.031184
-0.032984
-0.032350
-0.036490
-0.033622
-0.036296
-0.035074
-0.034450
-0.036765
-0.029211
-0.027097
-0.025328
-0.022122
-0.016925
-0.021304
-0.023662
-0.031366
-0.032626
-0.034715
-0.023867
-0.024448
-0.015635
-0.013165
-0.012044
-0.009967
-0.013888
-0.016042
-0.026967
-0.025987
-0.030054
-0.031330
-0.030311
-0.027178
-0.025203
-0.025289
-0.022788
-0.027920
-0.031030
-0.036369
-0.034074
-0.035327
-0.042751
-0.046290
-0.049793
-0.051244
-0.059923
-0.056961
-0.052481
-0.054892
-0.053667
-0.053674
-0.053585
-0.052574
-0.049128
-0.050444
-0.054986
-0.051365
-0.041844
-0.034985
-0.047117
-0.042298
-0.039764
-0.035800
-0.036787
-0.030476
-0.023703
-0.026777
-0.024792
-0.021232
-0.016332
-0.012996
-0.017840
-0.018745
-0.019446
-0.016415
-0.019380
-0.013600
-0.015194
-0.011327
-0.018583
-0.015539
-0.018280
-0.016242
-0.019222
-0.018325
-0.029119
-0.035547
-0.039708
-0.039208
-0.031969
-0.038055
-0.034625
-0.035221
-0.031723
-0.024740
-0.020641
-0.026847
-0.025208
-0.022428
-0.030071
-0.033089
-0.036835
-0.035477
-0.035500
-0.032984
-0.029447
-0.024529
-0.020780
-0.021164
-0.027061
-0.026511
-0.027356
-0.027913
-0.029399
-0.030991
-0.037889
-0.044508
-0.040377
-0.032835
-0.024042
-0.016547
-0.009928
-0.013410
-0.017864
-0.025140
-0.026165
-0.025144
-0.018964
-0.016897
-0.022694
-0.028669
-0.033000
-0.035635
-0.021676
-0.024343
-0.023985
-0.018552
-0.009035
-0.006048
-0.020858
-0.027043
-0.015358
-0.006562
-0.005326
-0.018523
-0.026968
-0.036764
-0.037178
-0.043518
-0.047974
-0.047167
-0.038261
-0.035244
-0.031838
-0.025460
-0.033737
-0.037254
-0.042537
-0.036406
-0.050890
-0.056993
-0.047080
-0.063572
-0.060983
-0.082244
-0.099061
-0.104994
-0.101840
-0.101134
-0.095877
-0.084133
-0.080900
-0.066575
-0.068633
-0.065619
-0.066342
-0.065084
-0.057600
-0.059953
-0.069737
-0.074474
-0.063281
-0.062008
-0.057168
-0.041163
-0.034153
-0.033090
-0.019552
-0.016354
-0.022413
-0.018418
-0.009446
-0.013231
-0.023362
-0.008047
-0.008373
-0.009274
-0.003197
-0.008213
-0.002150
-0.001011
0.004849
0.003699
0.014109
0.007969
-0.004183
-0.009606
-0.026755
-0.027446
-0.027837
-0.037214
-0.048365
-0.053207
-0.059369
-0.060866
-0.062594
-0.068464
-0.063807
-0.061618
-0.054952
-0.052112
-0.050318
-0.039009
-0.029111
-0.029484
-0.024690
-0.019343
-0.008430
-0.000282
0.009272
0.009206
0.009209
0.003074
0.015239
0.018249
0.017301
0.023587
0.020709
0.029372
0.026761
0.040364
0.046897
0.043808
0.045209
0.045923
0.047739
0.041933
0.055561
0.047803
0.048017
0.047278
0.049834
0.053980
0.056622
0.060752
0.058634
0.061634
0.061648
0.050130
0.049362
0.050895
0.059025
0.064402
0.064029
0.066467
0.075198
0.081369
0.071340
0.067737
0.045429
0.039683
0.039345
0.037602
0.038119
0.038944
0.035000
0.037335
0.027124
0.021894
0.010460
0.000747
-0.002152
-0.005768
-0.010520
-0.009296
-0.011379
-0.018777
-0.028554
-0.031323
-0.030562
-0.034332
-0.034031
-0.037368
-0.039153
-0.036379
-0.038439
-0.033274
-0.030436
-0.032517
-0.035358
-0.032529
-0.028983
-0.038815
-0.041697
-0.039311
-0.034391
-0.033010
-0.038059
-0.040773
-0.041276
-0.037405
-0.035474
-0.033437
-0.027882
-0.026947
-0.026567
-0.025676
-0.024532
-0.024341
-0.025599
-0.025160
-0.022294
-0.021476
-0.023337
-0.019022
-0.023975
-0.021286
-0.018275
-0.014339
-0.012058
-0.014219
-0.011989
-0.011104
-0.012162
-0.015785
-0.017967
-0.013033
-0.009283
-0.011609
-0.016611
-0.026972
-0.030145
-0.034089
-0.031815
-0.030502
-0.035480
-0.039644
-0.038457
-0.039780
-0.033967
-0.034796
-0.035911
-0.034578
-0.032148
-0.027699
-0.024406
-0.024614
-0.022283
-0.018181
-0.015685
-0.015826
-0.019503
-0.023876
-0.025410
-0.026581
-0.024001
-0.023175
-0.022592
-0.023238
-0.021492
-0.024597
-0.027396
-0.026419
-0.028000
-0.028121
-0.030510
-0.030730
-0.028756
-0.033083
-0.031977
-0.031763
-0.028895
-0.031525
-0.031356
-0.031752
-0.029336
-0.034653
-0.029775
-0.030557
-0.029314
-0.036281
-0.035086
-0.035544
-0.036357
-0.033973
-0.039910
-0.031648
-0.029877
-0.028913
-0.026536
-0.026072
-0.019279
-0.018981
-0.016153
-0.016543
-0.020593
-0.023353
-0.020394
-0.021232
-0.026173
-0.028093
-0.030728
-0.024845
-0.029762
-0.022362
-0.023324
-0.020333
-0.026011
-0.027196
-0.028094
-0.031683
-0.027604
-0.031301
-0.031380
-0.029991
-0.027352
-0.024728
-0.027927
-0.025275
-0.024515
-0.026564
-0.027876
-0.029733
-0.029114
-0.032937
-0.034243
-0.030391
-0.026364
-0.025838
-0.024830
-0.024579
-0.023785
-0.027695
-0.025786
-0.023260
-0.023478
-0.022691
-0.019478
-0.020874
-0.019004
-0.018293
-0.015878
-0.016108
-0.014175
-0.018756
-0.019212
-0.019092
-0.021341
-0.021894
-0.022182
-0.024212
-0.024338
-0.024204
-0.027795
-0.023592
-0.023939
-0.022282
-0.024188
-0.021975
-0.017071
-0.017195
-0.020094
-0.018860
-0.018308
-0.017074
-0.016884
-0.019885
-0.015331
-0.010988
-0.013047
-0.012106
-0.010013
-0.016462
-0.016397
-0.008716
-0.013889
-0.009149
-0.011507
-0.014340
0.002807
0.015806
0.003843
-0.002122
-0.000555
-0.012065
-0.013778
-0.017055
-0.009614
-0.004727
-0.035547
-0.033066
-0.031816
-0.028597
-0.024165
-0.021527
-0.018618
-0.015028
-0.018316
-0.007621
-0.004601
-0.008294
-0.009713
-0.008537
-0.014724
-0.015160
-0.006399
-0.006660
-0.003383
-0.006405
-0.001346
-0.002169
0.003270
0.003067
0.001350
-0.002133
-0.000703
-0.003974
-0.005530
-0.003202
-0.000301
0.005325
0.005102
0.001380
0.002321
0.000194
0.000527
-0.000479
-0.007240
-0.002127
-0.001490
-0.002460
-0.003793
-0.004411
-0.003751
-0.009633
-0.009458
-0.008167
-0.007138
-0.008649
-0.003184
-0.001532
-0.001669
-0.002065
-0.005133
-0.008935
-0.008312
-0.008825
-0.010420
-0.008316
-0.004855
-0.005355
-0.008452
-0.007725
-0.012026
-0.016464
-0.011336
-0.009507
-0.007079
-0.004741
-0.001796
0.000202
-0.005243
-0.004868
-0.002311
-0.000979
-0.000016
0.001565
-0.001530
-0.000187
-0.003231
-0.007142
-0.012612
-0.013218
-0.018447
-0.015457
-0.016135
-0.015599
-0.017371
-0.016632
-0.017368
-0.016400
-0.015666
-0.020121
-0.022152
-0.019478
-0.018728
-0.015448
-0.011808
-0.012138
-0.018670
-0.018576
-0.023748
-0.026301
-0.025734
-0.025812
-0.022184
-0.018469
-0.015991
-0.020310
-0.022457
-0.024529
-0.026993
-0.025343
-0.018722
-0.020210
-0.014816
-0.022331
-0.022944
-0.024595
-0.031015
-0.031047
-0.023845
-0.019637
-0.023835
-0.022171
-0.015776
-0.019146
-0.018137
-0.020739
-0.018866
-0.017461
-0.017294
-0.016870
-0.019616
-0.015477
-0.020736
-0.017257
-0.020286
-0.020327
-0.013949
-0.009426
-0.004452
-0.007828
-0.005878
-0.011651
-0.012386
-0.018017
-0.023802
-0.020895
-0.024988
-0.024590
-0.025793
-0.033583
-0.033996
-0.035569
-0.034353
-0.030993
-0.030425
-0.032605
-0.039933
-0.045459
-0.043762
-0.049160
-0.043470
-0.045988
-0.046470
-0.045133
-0.037203
-0.039564
-0.041584
-0.034466
-0.031204
-0.037025
-0.040241
-0.045987
-0.042764
-0.043183
-0.040069
-0.042807
-0.035848
-0.036614
-0.030781
-0.032607
-0.029791
-0.034838
-0.039029
-0.033818
-0.031205
-0.033356
-0.032109
-0.028818
-0.034733
-0.034724
-0.037736
-0.036288
-0.032561
-0.034129
-0.032377
-0.038694
-0.037717
-0.043483
-0.042765
-0.052189
-0.051555
-0.053750
-0.058810
-0.057997
-0.046706
-0.042389
-0.039671
-0.039717
-0.043133
-0.045622
-0.049988
-0.050977
-0.045405
-0.049348
-0.040396
-0.030981
-0.027812
-0.023834
-0.026433
-0.025923
-0.027756
-0.030495
-0.038053
-0.041631
-0.038659
-0.042339
-0.041845
-0.035493
-0.031120
-0.033059
-0.031766
-0.028149
-0.030046
-0.035155
-0.036317
-0.037262
-0.042027
-0.045051
-0.048925
-0.044821
-0.045805
-0.042764
-0.045486
-0.046773
-0.048272
-0.051493
-0.052202
-0.057405
-0.056478
-0.057790
-0.057437
-0.055819
-0.053325
-0.048892
-0.039083
-0.029725
-0.028013
-0.035801
-0.033056
-0.044355
-0.042275
-0.038060
-0.039384
-0.041003
-0.039641
-0.033441
-0.030996
-0.030539
-0.020808
-0.027271
-0.028278
-0.033851
-0.033380
-0.035878
-0.035247
-0.036151
-0.041715
-0.044233
-0.037477
-0.038610
-0.039678
-0.045166
-0.049017
-0.048518
-0.042513
-0.045833
-0.048004
-0.046645
-0.050789
-0.053090
-0.052090
-0.043435
-0.040416
-0.035041
-0.032579
-0.035525
-0.040590
-0.041822
-0.045427
-0.043815
-0.051801
-0.048027
-0.046061
-0.039012
-0.036142
-0.031356
-0.030215
-0.027352
-0.031984
-0.036241
-0.036580
-0.035110
-0.035835
-0.035629
-0.032985
-0.036399
-0.036341
-0.035102
-0.037451
-0.034002
-0.028262
-0.027727
-0.031663
-0.032973
-0.037246
-0.040366
-0.041377
-0.039931
-0.033233
-0.032419
-0.035034
-0.030240
-0.018984
-0.018715
-0.022680
-0.018094
-0.017646
-0.027869
-0.034171
-0.033951
-0.035677
-0.027975
-0.023045
-0.019347
-0.026792
-0.029210
-0.036144
-0.038990
-0.043985
-0.039002
-0.051130
-0.046101
-0.046657
-0.039521
-0.043202
-0.038661
-0.032340
-0.032428
-0.038939
-0.037857
-0.039767
-0.045573
-0.045149
-0.040043
-0.043919
-0.043421
-0.036722
-0.038837
-0.035422
-0.032708
-0.026694
-0.032192
-0.031954
-0.029545
-0.038372
-0.039754
-0.045975
-0.046437
-0.043186
-0.039971
-0.039000
-0.030085
-0.022143
-0.018603
-0.003407
-0.004254
-0.007717
-0.015587
-0.024467
-0.032011
-0.030688
-0.039210
-0.032678
-0.021448
-0.017134
-0.011846
-0.006222
-0.008804
-0.014497
-0.016695
-0.029878
-0.021979
-0.017101
-0.018787
-0.010432
-0.006977
-0.002366
-0.000887
-0.011057
-0.008116
-0.017425
-0.012794
-0.011612
-0.018626
-0.007178
-0.004914
-0.000800
-0.003436
-0.000454
-0.005598
-0.001668
0.001173
-0.000445
-0.005499
-0.013214
-0.015938
-0.016452
-0.018120
-0.017810
-0.015374
-0.021812
-0.027123
-0.029343
-0.031934
-0.031594
-0.032677
-0.028782
-0.026863
-0.028062
-0.031983
-0.029010
-0.034778
-0.046096
-0.041633
-0.049340
-0.045686
-0.041146
-0.033709
-0.030267
-0.035135
-0.033474
-0.032102
-0.035289
-0.031330
-0.030071
-0.024214
-0.020661
-0.020634
-0.019842
-0.023342
-0.027070
-0.023834
-0.022078
-0.020555
-0.019063
-0.023127
-0.022389
-0.020394
-0.019867
-0.020497
-0.023591
-0.020925
-0.025271
-0.025035
-0.028097
-0.017907
-0.019362
-0.017255
-0.016596
-0.012265
-0.015143
-0.015465
-0.011759
-0.013559
-0.011505
-0.013695
-0.010955
-0.008438
-0.011500
-0.011630
-0.014424
-0.017893
-0.023203
-0.029984
-0.035772
-0.034856
-0.029112
-0.034733
-0.036466
-0.035174
-0.035021
-0.032676
-0.029908
-0.024827
-0.022846
-0.018041
-0.026687
-0.029002
-0.028257
-0.035229
-0.030136
-0.034836
-0.034086
-0.038968
-0.041579
-0.038942
-0.037316
-0.043477
-0.049685
-0.046953
-0.046169
-0.049592
-0.048099
-0.049148
-0.042666
-0.041841
-0.041010
-0.030971
-0.028284
-0.023079
-0.018754
-0.013457
-0.016054
-0.026490
-0.026240
-0.016546
-0.012518
-0.007862
-0.010124
-0.011641
-0.017976
-0.024133
-0.030402
-0.027258
-0.027199
-0.015496
-0.012977
-0.019048
-0.012204
-0.008260
0.001429
0.000761
0.000609
0.004142
0.016914
0.025543
0.028647
0.030723
0.028227
0.033563
0.032354
0.030431
0.023201
0.014508
0.017801
0.016617
0.019269
0.022573
0.030516
0.035555
0.033415
0.040248
0.052836
0.059520
0.052550
0.036080
0.031178
0.023143
0.026308
0.038248
0.048411
0.053829
0.065672
0.071020
0.064112
0.067686
0.077400
0.076090
0.071335
0.062969
0.063189
0.059036
0.068087
0.066036
0.061192
0.066468
0.062631
0.064506
0.054898
0.063826
0.059593
0.049787
0.067511
0.077262
0.077444
0.074349
0.072951
0.069253
0.067847
0.070984
0.073627
0.072976
0.066202
0.063307
0.047350
0.056555
0.050331
0.051781
0.052181
0.044015
0.043252
0.040147
0.037582
0.038832
0.041802
0.053218
0.050553
0.058200
0.053992
0.054954
0.059712
0.053156
0.044039
0.040688
0.045113
0.062897
0.061901
0.079100
0.076685
0.080538
0.085127
0.081162
0.076794
0.062526
0.062016
0.052661
0.052109
0.058390
0.059760
0.061914
0.055706
0.051621
0.052521
0.046259
0.036478
0.030510
0.022502
0.012508
0.024117
0.025912
0.017089
0.011033
0.010647
0.010069
0.006021
0.001867
0.007787
0.013417
0.015303
0.009519
0.011275
0.011315
0.009126
0.004985
-0.002371
-0.000252
-0.001356
-0.007798
-0.005707
-0.000898
-0.009211
-0.005772
-0.007915
-0.005182
-0.019016
-0.016735
-0.001084
-0.004044
-0.017826
-0.006195
-0.015540
-0.009082
-0.002999
0.000182
0.005549
0.017196
0.024131
0.029277
0.044019
0.027891
0.034526
0.033051
0.029118
0.026217
0.008761
0.002455
-0.000014
-0.000375
-0.005166
0.003603
0.003746
-0.000367
0.000970
0.004008
-0.004205
-0.000464
0.007059
0.003102
0.005378
0.004031
0.001993
-0.002847
-0.011216
-0.012608
-0.017754
-0.017047
-0.014828
-0.012115
-0.006561
-0.009975
-0.017166
-0.019121
-0.018981
-0.022298
-0.019219
-0.022912
-0.017783
-0.013687
-0.013085
-0.011756
-0.013661
-0.012720
-0.012498
-0.012464
-0.011577
-0.012501
-0.014648
-0.006018
-0.001129
-0.003363
-0.007857
-0.010860
-0.010235
-0.014188
-0.019621
-0.015175
-0.020200
-0.019412
-0.017815
-0.013518
-0.010354
-0.011896
-0.013890
-0.018446
-0.007505
-0.011405
-0.009264
-0.009284
-0.010794
-0.014155
-0.028368
-0.028898
-0.030317
-0.036879
-0.033923
-0.030594
-0.035044
-0.038916
-0.034513
-0.034712
-0.034622
-0.033388
-0.030784
-0.032496
-0.033322
-0.037258
-0.033171
-0.035381
-0.034981
-0.033383
-0.033363
-0.031009
-0.032328
-0.034583
-0.035531
-0.037661
-0.039839
-0.040100
-0.036853
-0.036416
-0.031411
-0.031119
-0.027837
-0.027144
-0.023520
-0.022858
-0.019961
-0.022463
-0.026086
-0.027305
-0.029122
-0.035718
-0.044826
-0.047911
-0.048848
-0.044728
-0.037649
-0.036985
-0.040453
-0.040261
-0.037137
-0.033933
-0.035539
-0.037681
-0.037350
-0.039411
-0.041695
-0.041270
-0.039497
-0.034209
-0.037861
-0.043702
-0.050721
-0.051160
-0.053865
-0.058243
-0.056293
-0.056770
-0.054108
-0.051219
-0.044989
-0.043953
-0.039701
-0.036479
-0.034519
-0.032665
-0.031817
-0.033119
-0.032935
-0.033967
-0.034917
-0.035841
-0.036520
-0.037233
-0.040430
-0.042408
-0.038604
-0.038217
-0.034806
-0.034618
-0.034731
-0.034124
-0.037719
-0.035999
-0.038309
-0.036530
-0.035974
-0.038236
-0.040950
-0.040272
-0.039844
-0.044299
-0.044881
-0.046347
-0.049468
-0.049573
-0.045391
-0.042350
-0.044325
-0.044370
-0.045076
-0.046430
-0.043585
-0.045247
-0.048296
-0.049941
-0.050885
-0.050853
-0.048725
-0.051358
-0.049143
-0.052447
-0.057920
-0.057176
-0.057948
-0.060166
-0.061369
-0.063761
-0.060839
-0.063961
-0.065632
-0.070441
-0.073657
-0.073314
-0.067568
-0.064367
-0.067541
-0.071849
-0.068802
-0.069067
-0.067797
-0.070482
-0.070609
-0.063199
-0.060583
-0.057446
-0.058337
-0.055752
-0.054171
-0.048872
-0.042339
-0.045413
-0.043585
-0.043397
-0.044891
-0.049888
-0.045571
-0.046393
-0.046380
-0.045081
-0.048206
