-0.012129
-0.000717104
0.00624153
-0.0015048
-0.00115649
-0.00239662
0.00347276
0.00520955
0.00399942
0.00635314
-0.000198714
0.0246963
0.0101347
0.00944971
-0.00296759
-0.0358042
0.0153189
-0.00453152
-0.0147661
-0.0350535
0.00143901
0.00333671
-8.42235e-05
-0.015181
0.0125485
0.00336855
0.00486653
-0.00950244
-0.00956795
0.0127352
0.00439024
0.0100059
-0.0020022
0.00169317
-0.00749709
-0.021398
0.00513232
-0.0165381
0.015566
-0.00367761
0.0122462
-0.0300444
-0.00329931
0.00660903
-0.00231049
0.0117746
-0.00920631
0.0248461
0.00383484
0.0032352
-0.013294
0.0172567
0.0107496
0.00781621
0.00606083
0.00581926
0.00986711
0.00880744
-0.00663703
-0.00286738
-0.0228072
-3.93859e-05
-0.00593509
-0.00510309
0.114493
0.197508
0.131279
0.0999882
0.176474
0.128449
0.152645
0.176655
-0.0466925
0.0411468
