9.560515216667937466e+02
1.352790519411741798e+03
1.652307934973775218e+03
1.900571221111353225e+03
2.115857138987130838e+03
2.318585512186020878e+03
2.523733585752603631e+03
2.735638796796266888e+03
2.960348034739387458e+03
3.200153375872295783e+03
3.452838069284190624e+03
3.714584321620661285e+03
3.981021942423572909e+03
4.247674734134483515e+03
4.510329830674025288e+03
4.765142416140118257e+03
5.007447399384185701e+03
5.235932152801226039e+03
5.453370483521212009e+03
5.663644783250824730e+03
5.870534142006968978e+03
6.078043190962795961e+03
6.289874664550138732e+03
6.508062468534422806e+03
6.733053926768116980e+03
6.964323458948759253e+03
7.199060000846442563e+03
7.430981495578896102e+03
7.652592678382805389e+03
7.859699564733614352e+03
8.052119463052326864e+03
8.232455774273537827e+03
8.405288561336823477e+03
8.578347534431624808e+03
8.758536785058629903e+03
8.951907258782193821e+03
9.163841194827571599e+03
9.399032595068456430e+03
9.661582547530804732e+03
9.955194561854099447e+03
1.028090137320624854e+04
1.063031026146435033e+04
1.099398953349221301e+04
1.136371525075478348e+04
1.173212375020828586e+04
1.209241370645235838e+04
1.243809303131923298e+04
1.276279014499809637e+04
1.306221648375457517e+04
1.334031315504812483e+04
1.360254779078387583e+04
1.385365584617821514e+04
1.409746755879022567e+04
1.433737311146270986e+04
1.457731666834252974e+04
1.482185733243621871e+04
1.507471672481160749e+04
1.533561659253187099e+04
1.560325534625547334e+04
1.587633412337066329e+04
1.615356708269531737e+04
1.643368363017957745e+04
1.671543120539376105e+04
1.699755445473524742e+04
1.727895600955123882e+04
1.755945127738632436e+04
1.783857262686484682e+04
1.811511627530876649e+04
1.838833060579831726e+04
1.865852614459666802e+04
1.892677115280170619e+04
1.919515637003674055e+04
1.956310648508717350e+04
1.993254280664792532e+04
2.030107301978272153e+04
2.066380048512840949e+04
2.101467208321625367e+04
2.134741619406398968e+04
2.165559501798837664e+04
2.193249537958267683e+04
2.217288342223291693e+04
2.237908995153529031e+04
2.255572888933417562e+04
2.270781535743389031e+04
2.284064390197139437e+04
2.295951876447172617e+04
2.306957426229727935e+04
2.317632327906824867e+04
2.328604296257770329e+04
2.340143922808601201e+04
2.352328072563528258e+04
2.365215244766328033e+04
2.378866318229692115e+04
2.393337621085944920e+04
2.408673678319740429e+04
2.424902145987555195e+04
2.441992170208271637e+04
2.459776725958164025e+04
2.478186551083248560e+04
2.497260687715918175e+04
2.517083094268100831e+04
2.537786623495342792e+04
2.559306946045410950e+04
2.581225008343693480e+04
2.603117344707210941e+04
2.624886918472801699e+04
2.646693960194508327e+04
2.668759257627919214e+04
2.691206285594370274e+04
2.714036714456779009e+04
2.737143612983490675e+04
2.760260359220394457e+04
2.783064396170780674e+04
2.805589759022905855e+04
2.828143166023401136e+04
2.851050826748758482e+04
2.874517574778218477e+04
2.898703549651923095e+04
2.923809262051024780e+04
2.950077662618530303e+04
2.977743742808747265e+04
3.006919560965707205e+04
3.037781960382270699e+04
3.070678395935901426e+04
3.105766509217848943e+04
3.142940544080931068e+04
3.182019489232312844e+04
3.219623050843952296e+04
3.264901536027887050e+04
3.314004266716810525e+04
3.363416712396385992e+04
3.413824611898708099e+04
3.467055279490892281e+04
3.524049014595194603e+04
3.585410889417667931e+04
3.649175600505195325e+04
3.683928120649451012e+04
3.717172685509387520e+04
3.746905335649642802e+04
3.773007886275730561e+04
3.795853739178086107e+04
3.815976635428176087e+04
3.833989830294837884e+04
3.850496471842512983e+04
3.865903739034468163e+04
3.880523436815944297e+04
3.894614357595149340e+04
3.908235545868037298e+04
3.921384134163770796e+04
3.934052534833330719e+04
3.946232535552337504e+04
3.957915203671852942e+04
3.969090868577635410e+04
3.979749139499136800e+04
3.989878944581001269e+04
3.999470374764867302e+04
4.008535157031630661e+04
4.017140279381346045e+04
4.025350681233887008e+04
4.033428366853494663e+04
4.041619099681555235e+04
4.049957712946772517e+04
4.058483784318893595e+04
4.067243012866222853e+04
4.076289006275082647e+04
4.085680652337527863e+04
4.095456884026605985e+04
4.105592330167606997e+04
4.116004173096361774e+04
4.126617299991157051e+04
4.137403847296363529e+04
4.148326505296989490e+04
4.159334980199437996e+04
4.170360500321844302e+04
4.181310568271800730e+04
4.192071319160735584e+04
4.202568626936545479e+04
4.212871973381399584e+04
4.223112844196342485e+04
4.233299264056952961e+04
4.243303868197780685e+04
4.253192929534480936e+04
4.263194049757037283e+04
4.273392427693859645e+04
4.283694012431225565e+04
4.293982333654536342e+04
4.304168118591760867e+04
4.314156256373376527e+04
4.323898193477007590e+04
4.333377343402124097e+04
4.342596682951613184e+04
4.351573049281183194e+04
4.360336409385771549e+04
4.368927395081440045e+04
4.377390590720066393e+04
4.386560623378914170e+04
4.401103376718905201e+04
4.415401624752710632e+04
4.429880716348365240e+04
4.444448825769202085e+04
4.459034500279754138e+04
4.473587646337843762e+04
4.488077123763762938e+04
4.502362337727964768e+04
4.516191201764102880e+04
4.529495160952452716e+04
4.542342081652535126e+04
4.554626838978417072e+04
4.566134546620908077e+04
4.576644452006238862e+04
4.586059177022082440e+04
4.594414588652311795e+04
4.601746110928823327e+04
4.608200435041869787e+04
4.613942257995690306e+04
4.619106564764229552e+04
4.623812736200301151e+04
4.628168607852252899e+04
4.632273593866178999e+04
4.636378718663615291e+04
4.643223855845091020e+04
4.649903742325123312e+04
4.656591526220706146e+04
4.663362967111751641e+04
4.670430470492878521e+04
4.678050048545304162e+04
4.686365800859110459e+04
4.695532375530197169e+04
4.705712098632086418e+04
4.716906260872160783e+04
4.729055094456007646e+04
4.742104801122727804e+04
4.756018905062864360e+04
4.770484749819855642e+04
4.785102100202027941e+04
4.799845360100334074e+04
4.814603585602792737e+04
4.829202579091340158e+04
4.843620893159961270e+04
4.857864032062974002e+04
4.871858967810856120e+04
4.885475557222616771e+04
4.898562521917041158e+04
4.910780737242217583e+04
4.930011793676228990e+04
4.948782971346356499e+04
4.967282516185036366e+04
4.985904269726653001e+04
5.005064014922406204e+04
5.025206749881366704e+04
5.046839135035865183e+04
5.070550493637361069e+04
5.096855366257241258e+04
5.125657646073951764e+04
5.156668854284317058e+04
5.189534240472194506e+04
5.223840451618183579e+04
5.259090490396506357e+04
5.294417156395379425e+04
5.328617913110775407e+04
5.360916466325415968e+04
5.391548233246718883e+04
5.420940246679527627e+04
5.449345404842557764e+04
5.476751517796806002e+04
5.502911737770894251e+04
5.527388295730011305e+04
5.549641885541277588e+04
5.569328252942142717e+04
5.586606646199644456e+04
5.601714424229032011e+04
5.614964861375387409e+04
5.626753373467189522e+04
5.637435476012127037e+04
5.647273533087403484e+04
5.656463523774902569e+04
5.688749430794343061e+04
5.718593864767660853e+04
5.747377500018310820e+04
5.775269462496632332e+04
5.802402350544526416e+04
5.828919027690937219e+04
5.854976641223145998e+04
5.880741521542607370e+04
5.906404477489861165e+04
5.932205194552005560e+04
5.958436080412424053e+04
5.985427964321687614e+04
6.013496218350655545e+04
6.042766992189704615e+04
6.073244919788330299e+04
6.104794708061823621e+04
6.137190716579691070e+04
6.170262894021488319e+04
6.203887774292338145e+04
6.237920846143647941e+04
6.272202038902516506e+04
6.306571464885363821e+04
6.340911358750751970e+04
6.375190375329653034e+04
6.409456800174551609e+04
6.443852339883600507e+04
6.478507272698367160e+04
6.513410842913310626e+04
6.548379842262544116e+04
6.583111765739764087e+04
6.617239712814000086e+04
6.650371215257621952e+04
6.681987966924851935e+04
6.711518493648107687e+04
6.738833657956395473e+04
6.764151921800346463e+04
6.787636078687739791e+04
6.809582533605721255e+04
6.830344881971852737e+04
6.850249774243019056e+04
6.869593293095381523e+04
6.888647800828859909e+04
6.907672153428972524e+04
6.926917321657791035e+04
6.946630706113229098e+04
6.967068011009207112e+04
6.988526590673706960e+04
7.011050473121133109e+04
7.022947803903631575e+04
7.035951467226150271e+04
7.049571309762723104e+04
7.063688539669864986e+04
7.078101208821078762e+04
7.092724433391528146e+04
7.107521648849917983e+04
7.122544555453273642e+04
7.137963300520060875e+04
7.153697464341807063e+04
7.169409102304810949e+04
7.184697235804681259e+04
7.199166822205597418e+04
7.212637698349700077e+04
7.225097988625818107e+04
7.236523386768480123e+04
7.246894477758694848e+04
7.256373163369795657e+04
7.265171016980030981e+04
7.273476783999183681e+04
7.281454940269090002e+04
7.289266838676846237e+04
7.297173650009564881e+04
7.305409263617239776e+04
7.314100596038700314e+04
7.323300903453855426e+04
7.333064158518385375e+04
7.343421368079716922e+04
7.354357642637757817e+04
7.365741765742977441e+04
7.377371396548325720e+04
7.389143073771803756e+04
7.400968567157887446e+04
7.412812187268117850e+04
7.424695493006835750e+04
7.436630281222061603e+04
7.448594461332919309e+04
7.460530902903247625e+04
7.472352758065283706e+04
7.483998657069617184e+04
7.495627192427995033e+04
7.507531871328596026e+04
7.519873376610377454e+04
7.532838211801192665e+04
7.546683812297908298e+04
7.561737326908757677e+04
7.578448117274596007e+04
7.597144332048131037e+04
7.617831017436708498e+04
7.640513484312605578e+04
7.665191869349716580e+04
7.691105473470524885e+04
7.717094739758450305e+04
7.742458430775292800e+04
7.767092400924446702e+04
7.790985913817708206e+04
7.813927556416297739e+04
7.835436551829385280e+04
7.855120971048924548e+04
7.873226858148486644e+04
7.890181134544228553e+04
7.906263814542630280e+04
7.921685535143449670e+04
7.937334561868023593e+04
7.969816261029131419e+04
8.001629559392019291e+04
8.033367787549336208e+04
8.065291971816854493e+04
8.097665580432185379e+04
8.130767990369517065e+04
8.164910015183823998e+04
8.200456296893117542e+04
8.211550992194135324e+04
8.223318856804839743e+04
8.235910038146935403e+04
8.249498379451759683e+04
8.264355236815445824e+04
8.280425857243726205e+04
8.297550585207562835e+04
8.315960719464519934e+04
8.335464173621390364e+04
8.355513997993228259e+04
8.375860989167566004e+04
8.396415016493215808e+04
8.417090427787214867e+04
8.437797352559844148e+04
8.458446384436920926e+04
8.478945162728402647e+04
8.499266872316187073e+04
8.519418599288447876e+04
8.539418789289347478e+04
8.559265760285251599e+04
8.578958692551935383e+04
8.598486443890197552e+04
8.617842252965329681e+04
8.636994522210603463e+04
8.655981297792449186e+04
8.675007234895540751e+04
8.694143647252737719e+04
8.713320435317514057e+04
8.732442762533244968e+04
8.751387325658898044e+04
8.769998908566990576e+04
8.788089097321715963e+04
8.805471335096575785e+04
8.822054377295065206e+04
8.837802230116484861e+04
8.852726089701791352e+04
8.866838832548726350e+04
8.880147443431919964e+04
8.892743100890640926e+04
8.904637880737094383e+04
8.930445926527517440e+04
8.954919771218005917e+04
8.978394870695834106e+04
9.001088115635902795e+04
9.023210937941816519e+04
9.044972829297443968e+04
9.066584738391924475e+04
9.088246979720654781e+04
9.110116369299068174e+04
9.132296127684543899e+04
9.154911948461899010e+04
9.178135933229373768e+04
9.202166369006296736e+04
9.227199681367551966e+04
9.253453412675838626e+04
9.281130771838122746e+04
9.310307437311555259e+04
9.340840382011266774e+04
9.372572007713478524e+04
9.405307255395941320e+04
9.438801559018771513e+04
9.472754342506504327e+04
9.506814171533679473e+04
9.540594195946704713e+04
9.573770924877266225e+04
9.606392581043079554e+04
9.638730035941173264e+04
9.671213595085841371e+04
9.704433829901037097e+04
9.739101195008691866e+04
9.775908873658139782e+04
9.815410428574337857e+04
9.857852039776369929e+04
9.902614102096452552e+04
9.948855151482140354e+04
9.995809279111819342e+04
1.004270587658135628e+05
1.008884625618108403e+05
1.013366178839957138e+05
1.017672852901236183e+05
1.021779148657874903e+05
1.025694229275166290e+05
1.029430380598856718e+05
1.032991404647944728e+05
1.036374727597063611e+05
1.039574889963595051e+05
1.042586047054419469e+05
1.045392951239766262e+05
