4.033538461109706930e-01
3.918280812807546920e-01
3.683215777320983375e-01
3.321026816462592790e-01
2.820936071823185176e-01
2.170307313025052476e-01
1.357358821359395396e-01
3.756392337651637270e-02
-7.297518193296355371e-02
-1.795065648918099666e-01
-2.799793466398862174e-01
-3.768569585131197330e-01
-4.729131575408270227e-01
-5.713385212261352653e-01
-6.759269952766184808e-01
-7.913586216695271958e-01
-9.221436809073589869e-01
-1.064462289802115658e+00
-1.210476731227160263e+00
-1.351988681956125760e+00
-1.481944688705924662e+00
-1.596035314634768998e+00
-1.692836936609071863e+00
-1.772996122761071325e+00
-1.837188498589367391e+00
-1.884510781071397467e+00
-1.917999267594883372e+00
-1.940429727274891603e+00
-1.953505728157637567e+00
-1.958134761700502935e+00
-1.954566999183290354e+00
-1.942428491878023689e+00
-1.922326951615545898e+00
-1.899957088421099005e+00
-1.876920013036659896e+00
-1.853265400630022652e+00
-1.829053421466360962e+00
-1.804357701784634616e+00
-1.779265839530800086e+00
-1.753880200172339920e+00
-1.728634119373011702e+00
-1.705041537051159573e+00
-1.683846580513934654e+00
-1.665467304517896929e+00
-1.650277490872328112e+00
-1.638593261318865846e+00
-1.630661643865817245e+00
-1.626645470102203062e+00
-1.607095881882542709e+00
-1.593430651289621691e+00
-1.566488109740503010e+00
-1.526651485613065962e+00
-1.474752669969531915e+00
-1.412119021155965104e+00
-1.340649850811687305e+00
-1.262805857167832668e+00
-1.182830286576818768e+00
-1.107796309235093757e+00
-1.038702897060759245e+00
-9.748907866020412039e-01
-9.157221265083750339e-01
-8.606184685851331340e-01
-8.090667966113873621e-01
-7.606298171195414737e-01
-7.168527597504664728e-01
-6.840765828432556761e-01
-6.621402490665753149e-01
-6.496466001672406287e-01
-6.459060129995779498e-01
-6.508659266101853857e-01
-6.651235710948362190e-01
-6.900489288873309368e-01
-7.263464790754567968e-01
-7.694778085766419418e-01
-8.188572422448123778e-01
-8.756171223412837490e-01
-9.410384542603115188e-01
-1.016509021624145914e+00
-1.103397544349823622e+00
-1.202870125512036426e+00
-1.312802367634092082e+00
-1.419542439022987157e+00
-1.515940307719238378e+00
-1.598602276243829001e+00
-1.665485478010474862e+00
-1.715694646705045345e+00
-1.749038110358335896e+00
-1.765613404766935401e+00
-1.770537062922430849e+00
-1.770536897690737632e+00
-1.770536897690738520e+00
-1.770536897690738520e+00
-1.770536897690738520e+00
-1.770536897690738520e+00
-1.770536897690738520e+00
-1.770342209966022651e+00
-1.896175532814072140e+00
-1.902731702956137028e+00
-1.920328894720080504e+00
-1.947018488451722318e+00
-1.983097050013474805e+00
-2.028867117493233785e+00
-2.084540396653871586e+00
-2.150133318774767766e+00
-2.222803311192622200e+00
-2.292709699828923142e+00
-2.359268985560616372e+00
-2.424554623095511730e+00
-2.490791897504773367e+00
-2.560610908814223929e+00
-2.637389470628999977e+00
-2.725865863488384555e+00
-2.829301913871326235e+00
-2.933824840529255074e+00
-3.028044885351190096e+00
-3.104156844634746282e+00
3.126932631273545926e+00
3.102305940578557131e+00
3.106415041080966777e+00
3.138581124465264605e+00
-3.093970930313315826e+00
-3.053805657562755460e+00
-3.030100236161817229e+00
-3.021578028259292559e+00
-3.027155822776500749e+00
-3.046035571536478415e+00
-3.077631721864512393e+00
-3.121492589251440464e+00
3.109543017967297374e+00
3.063297171632838101e+00
3.025302458793554639e+00
2.994594808625642646e+00
2.970511037235800789e+00
2.952650862341695603e+00
2.940892107753617868e+00
2.935431187991670132e+00
2.935344844908028605e+00
2.935061061348426481e+00
2.932977714624874999e+00
2.929077409193893367e+00
2.923514648566413410e+00
2.916596852211029933e+00
2.908731724800244667e+00
2.900354359502802737e+00
2.894144775265257152e+00
2.898541972336877048e+00
2.914488396522633806e+00
2.941682417907592217e+00
2.980732428003761481e+00
3.033047554588732098e+00
3.100792196428056258e+00
-3.096496364376857713e+00
-2.994848495311041692e+00
-2.897326734666945569e+00
-2.811887531160311315e+00
-2.740369577979282933e+00
-2.683468392551571657e+00
-2.641209610725112178e+00
-2.613308799712467323e+00
-2.598294486695193140e+00
-2.517600085908032526e+00
-2.522072548630001521e+00
-2.531283320993491959e+00
-2.544935661619728506e+00
-2.562830401481617226e+00
-2.584701267908434463e+00
-2.610216472835586554e+00
-2.638982949840364967e+00
-2.670554048938180713e+00
-2.704441045581005287e+00
-2.740128189048207208e+00
-2.777088811614288666e+00
-2.815275855040929809e+00
-2.856632390869987770e+00
-2.902481445555217032e+00
-2.953842189213908398e+00
-3.011856933537337522e+00
-3.077794065859830841e+00
3.130171800677166161e+00
3.044319990084088712e+00
2.946701390841065749e+00
2.836739047875438846e+00
2.714875835740973464e+00
2.582981979237962467e+00
2.448458317191364753e+00
2.330014130578458964e+00
2.230673302579723405e+00
2.148149237239665776e+00
2.079870001339596985e+00
2.023440117472869559e+00
1.976830650184839833e+00
1.938409155552853314e+00
1.906905353482788446e+00
1.881360300361501814e+00
1.861079893583337252e+00
1.845601379665947839e+00
1.834017864351949134e+00
1.823664252705068600e+00
1.813955833829986375e+00
1.804968236453581509e+00
1.796773496177689777e+00
1.789439332743525402e+00
1.783027976641501144e+00
1.777595063554934907e+00
1.773188626683036340e+00
1.769848213960356853e+00
1.767604153388628863e+00
1.766476996214463080e+00
1.767828276664602960e+00
1.755633413317809088e+00
1.732057090940156474e+00
1.698722029956771351e+00
1.657815362017397431e+00
1.611811381542529453e+00
1.563167787591034363e+00
1.514108872078947066e+00
1.462250797183438422e+00
1.391841553901247419e+00
1.299322628503366106e+00
1.184982645292345538e+00
1.050245097166861763e+00
8.991908831904454891e-01
7.391603742359442730e-01
5.794293061250355148e-01
4.348497506438853133e-01
3.261471783868428176e-01
2.440704815410258410e-01
1.784512404461095769e-01
1.228135238982607375e-01
7.257658086330058544e-02
2.395524718001275019e-02
-2.694499374968327074e-02
-8.379477294501014306e-02
-1.440788968438622974e-01
-2.046079827572997445e-01
-2.624745177983534572e-01
-3.143286731074156348e-01
-3.567924359747331464e-01
-3.869081289193687101e-01
-4.024804236702877458e-01
-3.751227458727386388e-01
-3.909211866881823205e-01
-4.228225381899842761e-01
-4.704895401513339293e-01
-5.333371004319081843e-01
-6.100906704890440846e-01
-6.985128006551417634e-01
-7.954311411253763842e-01
-8.924465846469277208e-01
-9.710487594512531295e-01
-1.031858505304509510e+00
-1.078813335379725347e+00
-1.114589156145448623e+00
-1.140918056628260402e+00
-1.158728798149048833e+00
-1.168166658677528780e+00
-1.170160704944729790e+00
-1.170568698346795555e+00
-1.170965894824457676e+00
-1.171336619730973583e+00
-1.171663653146346906e+00
-1.171929210479651706e+00
-1.172116957804910653e+00
-1.172141364014025022e+00
-1.202638059138732896e+00
-1.203840781477441002e+00
-1.206855614726663806e+00
-1.210945910566108452e+00
-1.215721099012676998e+00
-1.220812591435007644e+00
-1.225922188860969930e+00
-1.230835327810664959e+00
-1.237084834948968481e+00
-1.250582069894953019e+00
-1.271811298401070989e+00
-1.300351386600455239e+00
-1.336383318687304866e+00
-1.380532834254761365e+00
-1.433797151771702749e+00
-1.497560309391992694e+00
-1.569917814404446110e+00
-1.636555009961799367e+00
-1.693466910597874575e+00
-1.740509958811527369e+00
-1.777747000276012512e+00
-1.805377170071450710e+00
-1.823630454199339557e+00
-1.832058339445649553e+00
-1.933080707775122864e+00
-1.934026294755123221e+00
-1.942331002427735820e+00
-1.954964839502270069e+00
-1.972138015280144208e+00
-1.994132848136303870e+00
-2.021303300898829036e+00
-2.054071235063455347e+00
-2.092916461513419257e+00
-2.138375358123040915e+00
-2.190211110781107973e+00
-2.244681896913158781e+00
-2.299389028527806467e+00
-2.352621400351889935e+00
-2.402819491714654809e+00
-2.448758514330802605e+00
-2.489629938121254327e+00
-2.525039770367101255e+00
-2.554947384409589795e+00
-2.579571369147779958e+00
-2.600008743448881443e+00
-2.619567532971700974e+00
-2.639336829339739232e+00
-2.659643994003342282e+00
-2.680786509025408382e+00
-2.703048627766479584e+00
-2.726716886747137636e+00
-2.752092612379269720e+00
-2.779502930595219468e+00
-2.809320075719355714e+00
-2.840887822619087899e+00
-2.869943810318710931e+00
-2.895177422207546591e+00
-2.916412611374544550e+00
-2.933560740123410504e+00
-2.946618900906443184e+00
-2.955657451408050918e+00
-2.960807275128130911e+00
-2.962247808439799623e+00
-2.960196867576977642e+00
-2.955327590367767154e+00
-2.949464148142165953e+00
-2.942956826360323408e+00
-2.935690395470460956e+00
-2.927520906725682437e+00
-2.918266742854672469e+00
-2.907695289632927338e+00
-2.895503659736622826e+00
-2.881290132109981972e+00
-2.864513521663548445e+00
-2.845086702429477032e+00
-2.825176360659893859e+00
-2.805743220087010048e+00
-2.787222630815151092e+00
-2.770086298049621032e+00
-2.754823516729019595e+00
-2.741913291259994612e+00
-2.731792740116791407e+00
-2.724825068984343623e+00
-2.720944056521950483e+00
-2.686096823605180095e+00
-2.686037292063925275e+00
-2.686037292063925275e+00
-2.686037292063949256e+00
-2.686037292063925275e+00
-2.686037292063949256e+00
-2.686037292063949256e+00
-2.683875817433166500e+00
-2.520889395899309271e+00
-2.519833222216523616e+00
-2.524217926012687574e+00
-2.530846995723297077e+00
-2.539782700402844817e+00
-2.551108741795399926e+00
-2.564930681463156503e+00
-2.581373848156841344e+00
-2.601128384685070127e+00
-2.626575720599857888e+00
-2.658426367198814422e+00
-2.696776656312761755e+00
-2.741616396990337989e+00
-2.792776159333372643e+00
-2.849876117243245854e+00
-2.912274890502505098e+00
-2.979689352729292917e+00
-3.054802788971999306e+00
-3.139791680363618998e+00
3.046985308374666523e+00
2.938009001472315695e+00
2.816179430122168093e+00
2.682641515674525579e+00
2.540213028113490257e+00
2.398531356438591278e+00
2.280335068253226627e+00
2.185480633310499687e+00
2.108860453303425864e+00
2.046361787874114935e+00
1.994785568242018137e+00
1.951710884646441269e+00
1.915322256177126814e+00
1.883687257208634946e+00
1.853948428815256122e+00
1.825765408566148773e+00
1.799432143555490748e+00
1.775243321796875495e+00
1.753498234620325169e+00
1.734502093083659213e+00
1.718587916117020553e+00
1.700834958869050340e+00
1.661809946297085228e+00
1.605099290770576559e+00
1.543564480438053499e+00
1.487024950529356682e+00
1.439889976042086461e+00
1.402635980957194439e+00
1.373943702056212635e+00
1.352681993634130331e+00
1.338480134262081345e+00
1.328866943992404126e+00
1.322175779416790098e+00
1.317504068464002254e+00
1.314333122683010391e+00
1.312358851627612788e+00
1.311412061973568077e+00
1.301501237384822263e+00
1.299230250209425730e+00
1.294683065600767513e+00
1.287871667390125374e+00
1.278808449454870155e+00
1.267511469240739208e+00
1.254005705613774113e+00
1.238323792529379075e+00
1.221167380130093960e+00
1.205120945967779189e+00
1.190648203371303948e+00
1.177574260769467918e+00
1.165756591791441421e+00
1.155080055018602669e+00
1.145454055626253576e+00
1.136811184483951243e+00
1.128884667691733013e+00
1.120934126835915645e+00
1.113168160997392908e+00
1.106035170942883950e+00
1.099895371802976918e+00
1.094965670559999937e+00
1.091308042277064683e+00
1.088855790327621031e+00
1.087297638707847902e+00
1.085839364744228819e+00
1.084221133197674325e+00
1.082341452072530741e+00
1.080067943286745491e+00
1.077204728238275511e+00
1.073432425435266735e+00
1.068178138678999689e+00
1.060257852701336212e+00
1.047764341984317893e+00
1.028738093886375493e+00
1.000858362568373572e+00
9.616953256647888804e-01
9.096895740420639642e-01
8.459725070335714081e-01
7.763313991772758937e-01
7.082038449995362583e-01
6.374357048121749303e-01
5.627338157083621173e-01
4.853228045656759471e-01
4.066106875378092678e-01
3.281024646487567531e-01
2.512558258544230205e-01
1.773630533272296528e-01
1.063698175636330900e-01
3.454865957160999784e-02
-3.854327755993842974e-02
-1.122044668384002547e-01
-1.857005149460167481e-01
-2.582971002270592065e-01
-3.293061241072628431e-01
-3.981650365228521227e-01
-4.598669678255004611e-01
-4.984644393997358369e-01
-5.142691144002483616e-01
-5.098479250196366053e-01
-4.856230689624635444e-01
-4.401391580972983664e-01
-3.701313133654355880e-01
-2.708127801031198212e-01
-1.445234164260809639e-01
-2.032405382370543537e-02
8.912856064205354478e-02
1.804418275355215429e-01
2.524766266403331016e-01
3.054422137850232866e-01
3.401042107500917289e-01
3.574577463707926395e-01
