3328.874882
0.249824
0.499817
0.749809
0.999802
1.249794
1.499787
1.749779
1.999777
2.249771
2.499764
2.749761
2.912462
3.175974
3.427237
3.639028
3.911936
4.185692
4.454535
4.716612
4.972679
5.224515
5.473953
5.722410
5.970776
6.219483
6.468651
6.718225
6.968082
7.218099
7.468179
7.718265
7.968327
8.218357
8.468360
8.718344
8.968317
9.218287
9.468257
9.718229
9.968203
10.218181
10.468160
10.718140
10.968121
11.218103
11.468086
11.718069
11.968052
12.218036
12.468021
12.718006
12.967992
13.217978
13.467965
13.717952
13.967940
14.217928
14.467916
14.717905
14.967894
15.217884
15.467873
15.717864
15.967854
16.217845
16.467835
16.717826
16.967817
17.217809
17.467800
17.717792
17.967784
18.217775
18.467767
18.717759
18.967752
19.217744
19.467736
19.717728
19.967720
20.217713
20.467705
20.717697
20.967690
21.217682
21.467674
21.717666
21.967658
22.217651
22.467643
22.717635
22.967627
23.217618
23.467610
23.717602
23.967593
24.217585
24.467576
24.717567
24.967558
25.217549
25.467540
25.717531
25.967521
26.217512
26.467502
26.717492
26.967482
27.217471
27.467461
27.717450
27.967439
28.217428
28.467417
28.717405
28.967394
29.217382
29.467370
29.717357
29.967345
30.217332
30.467319
30.717306
30.967293
31.217280
31.467266
31.717252
31.967238
32.217224
32.467209
32.717195
32.967180
33.217165
33.467150
33.717135
33.967120
34.217104
34.467088
34.717073
34.967056
35.217037
35.467017
35.716994
35.966971
36.216948
36.466926
36.716905
36.966885
37.216867
37.466849
37.716831
37.966814
38.216797
38.466780
38.716763
38.966747
39.216730
39.466713
39.716696
39.966680
40.216664
40.466647
40.716631
40.966615
41.216600
41.466584
41.716568
41.966553
42.216537
42.466522
42.716507
42.966491
43.216476
43.466460
43.716445
43.966429
44.216414
44.466398
44.716383
44.966367
45.216352
45.466336
45.716321
45.966305
46.216290
46.466274
46.716259
46.966243
47.216228
47.466212
47.716197
47.966181
48.216166
48.466150
48.716135
48.966119
49.216092
49.466051
49.716000
49.965944
50.215891
50.465843
50.715803
50.965771
51.215746
51.465728
51.715714
51.965703
52.215694
52.465686
52.715677
52.965668
53.215660
53.465651
53.715643
53.965635
54.215627
54.465620
54.715614
54.965608
55.215603
55.465598
55.715593
55.965588
56.215582
56.465577
56.715571
56.965565
57.215558
57.465551
57.715544
57.965536
58.215527
58.465518
58.715509
58.965499
59.215489
59.465477
59.715415
59.965309
60.215180
60.465049
60.714932
60.964838
61.214770
61.464727
61.714706
61.964700
62.214706
62.464717
62.714730
62.964744
63.214756
63.464767
63.714776
63.964796
64.214815
64.464828
64.714836
64.964841
65.214845
65.464850
65.714848
65.964849
66.214854
66.464862
66.714872
66.964882
67.214891
67.464899
67.714904
67.964906
67.739555
67.509263
67.272283
67.029076
66.781350
66.530981
66.279477
66.027813
65.776485
65.525647
65.367328
65.221832
65.077404
64.933726
64.790882
64.648507
64.623093
64.617835
64.614598
64.612856
64.612108
64.611925
64.614696
64.611711
64.611850
64.612283
64.612731
64.613076
64.613292
64.613394
64.613418
64.613400
64.613366
64.613333
64.375630
64.135349
63.891634
63.644770
63.395659
63.145274
62.894383
62.643477
62.393262
62.143984
61.894589
61.644846
61.394789
61.144409
60.957113
60.807905
60.659915
60.512684
60.366116
60.303486
60.298096
60.294511
60.292559
60.292582
60.291718
60.291991
60.292412
60.292814
60.293108
60.289141
60.289957
60.291055
60.292041
60.292733
60.055441
59.815222
59.571330
59.324174
59.074754
58.824105
58.573023
58.323155
58.073845
57.824295
57.574147
57.356547
57.204487
57.053263
56.903114
56.753947
56.605129
56.456405
56.406420
56.401933
56.398608
56.396456
56.395272
56.394765
56.394665
56.394767
56.394937
56.395099
56.395627
56.395905
56.396042
56.396061
56.390883
56.391786
56.393109
56.156652
55.917045
55.673438
55.426296
55.176726
54.925863
54.674579
54.425504
54.186806
54.036006
53.884538
53.732797
53.580480
53.428827
53.277831
53.127319
52.977073
52.931344
52.928769
52.925508
52.923219
52.921828
52.921126
52.920880
52.920888
52.921008
52.921151
52.921273
52.921357
52.921403
52.922231
52.922363
52.922338
52.916357
52.917344
52.918837
52.920227
52.921224
52.684106
52.443829
52.199656
51.952105
51.702242
51.451171
51.261067
51.112081
50.965679
50.819296
50.672543
50.525578
50.378491
50.232539
50.089996
49.952958
49.881176
49.877715
49.875172
49.874822
49.873186
49.872066
49.871393
49.871054
49.870931
49.870927
49.870973
49.871029
49.871074
49.871102
49.871114
49.872095
49.872112
49.866240
49.867202
49.868647
49.869988
49.870947
49.871492
49.634020
49.393532
49.149284
48.901740
48.651935
48.500090
48.353698
48.207276
48.061039
47.915472
47.769931
47.623133
47.475028
47.325718
47.257512
47.251816
47.247775
47.245414
47.244394
47.244249
47.244553
47.247233
47.246861
47.246286
47.245714
47.245256
47.244938
47.244744
47.244731
47.244925
47.245084
47.245179
47.239549
47.240637
47.242164
47.243546
47.244519
47.245059
47.245262
47.245254
47.245146
47.245013
47.007217
46.766739
46.522689
46.299455
46.159232
46.017684
45.875755
45.733785
45.591664
45.449132
45.305965
45.162040
45.055717
45.049842
45.045855
45.044110
45.043446
45.042777
45.042589
45.042664
45.042846
45.043033
45.043173
45.043250
45.043268
45.043240
45.043182
45.043109
45.043029
45.042956
45.038030
45.038838
45.040067
45.041224
45.042057
45.042534
45.042724
45.042732
45.042649
45.042540
45.042443
45.042372
45.042328
44.804619
44.564261
44.392865
44.257537
44.120292
43.981987
43.843035
43.703515
43.563338
43.422396
43.280635
43.272620
43.267707
43.264546
43.263010
43.263273
43.264373
43.265199
43.265399
43.265448
43.265410
43.265332
43.265243
43.265156
43.265078
43.265007
43.264941
43.264879
43.264825
43.264766
43.260229
43.260975
43.262109
43.263178
43.263948
43.264390
43.264567
43.264575
43.264500
43.264401
43.264312
43.264247
43.264206
43.264185
43.055263
42.927772
42.797768
42.665354
42.530954
42.394948
42.257633
42.119202
41.979753
41.921256
41.915690
41.911818
41.909689
41.908930
41.909032
41.909735
41.910842
41.912013
41.912480
41.912401
41.912187
41.911948
41.911738
41.911577
41.911461
41.911380
41.911320
41.911276
41.911229
41.906951
41.907639
41.908695
41.909694
41.910415
41.910828
41.910994
41.911003
41.910932
41.910839
41.910756
41.910696
41.910658
41.910639
41.910631
41.910628
41.905915
41.780801
41.653820
41.524170
41.391757
41.256887
41.120035
40.996614
40.989908
40.984746
40.981533
40.980063
40.979810
40.980221
40.980919
40.981948
40.983054
40.983472
40.983547
40.983452
40.983290
40.983119
40.982968
40.982844
40.982746
40.982668
40.982603
40.982545
40.982489
40.982442
40.978129
40.978836
40.979910
40.980925
40.981656
40.982074
40.982242
40.982249
40.982177
40.982083
40.981999
40.981938
40.981900
40.981881
40.981873
40.981875
40.981681
40.956834
40.829633
40.699790
40.566810
40.490428
40.484983
40.480603
40.477806
40.476492
40.476263
40.476627
40.477229
40.478024
40.478866
40.479464
40.479759
40.479835
40.479777
40.479651
40.479504
40.479362
40.479238
40.479134
40.479048
40.478974
40.478907
40.478846
40.478786
40.478728
40.474144
40.474919
40.476079
40.477169
40.477950
40.478394
40.478570
40.478575
40.478495
40.478393
40.478302
40.478236
40.478192
40.477927
40.477391
40.476724
40.455602
40.400809
40.399745
40.398822
40.398271
40.398146
40.398379
40.398370
40.398311
40.399473
40.400609
40.401453
40.402070
40.402331
40.402304
40.402083
40.401751
40.403267
40.402321
40.401392
40.400641
40.400119
40.399805
40.399647
40.399590
40.399331
40.399608
40.399864
40.400050
40.394937
40.395989
40.397421
40.398699
40.399590
40.400076
40.400252
40.400236
40.400127
40.399677
40.398879
40.485187
40.616017
40.750398
40.888740
41.030861
41.074455
41.081304
41.086043
41.089016
41.092847
41.095315
41.096560
41.096948
41.097049
41.096826
41.096849
41.095394
41.094168
41.093278
41.092716
41.092412
41.092284
41.092259
41.092284
41.092326
41.092364
41.092391
41.092405
41.092408
41.092402
41.092391
41.093237
41.087204
41.088280
41.089832
41.263416
41.265586
41.288145
41.421911
41.557702
41.696530
41.838888
41.984717
42.133721
42.286295
42.442353
42.455399
42.462455
42.467436
42.470484
42.472020
42.472746
42.471510
42.470232
42.469183
42.468447
42.467998
42.467766
42.467677
42.467668
42.467693
42.467726
42.467753
42.467768
42.467771
42.467763
42.467748
42.467727
42.467703
42.467677
42.469117
42.699606
42.788998
42.928942
43.070509
43.213809
43.359132
43.506771
43.657490
43.811821
43.968821
44.125885
44.284300
44.443791
44.511200
44.517806
44.524152
44.526263
44.527091
44.527179
44.526925
44.526575
44.526254
44.526010
44.525848
44.525752
44.525700
44.525674
44.525659
44.525646
44.525630
44.525609
44.525583
44.525553
44.525520
44.765575
44.996148
45.200964
45.348656
45.498042
45.648812
45.802175
45.958304
46.116234
46.274624
46.432814
46.591540
46.753106
46.915774
47.050855
47.056905
47.061604
47.064848
47.066818
47.067837
47.068234
47.068278
47.068154
47.067978
47.067810
47.067674
47.067573
47.067500
47.067446
47.067404
47.067367
47.067331
47.067295
47.307684
47.537703
47.780963
47.998929
48.151408
48.304773
48.460895
48.618864
48.777752
48.936690
49.096340
49.256187
49.416465
49.579137
49.738748
49.750001
49.755307
49.758725
49.760602
49.761420
49.761602
49.761462
49.761204
49.760941
49.760722
49.760561
49.760450
49.760377
49.760326
49.760288
49.762174
49.762149
49.990861
50.231564
50.475827
50.722694
50.916489
51.071520
51.228406
51.385787
51.543041
51.701167
51.859744
52.018786
52.178814
52.339453
52.434181
52.441499
52.447616
52.455289
52.456660
52.456630
52.455947
52.455102
52.454350
52.453785
52.453713
52.453161
52.454030
52.454181
52.454193
52.446028
52.447445
52.449516
52.689099
52.929908
53.173114
53.418724
53.666392
53.830626
53.984654
54.139858
54.295137
54.450456
54.606000
54.761965
54.918208
55.074911
55.101902
55.108658
55.115759
55.118410
55.119473
55.119577
55.119216
55.118709
55.118231
55.117850
55.117576
55.117389
55.110421
55.111560
55.113322
55.114971
55.116164
55.116841
55.117110
55.354771
55.594323
55.836877
56.082467
56.330428
56.565335
56.715619
56.866619
57.017891
57.169449
57.320810
57.472147
57.623654
57.740311
57.747187
57.752869
57.756858
57.759169
57.760147
57.760225
57.759796
57.759196
57.758830
57.758604
57.758482
57.758431
57.758421
57.758426
57.758433
57.758438
57.758435
57.758430
57.758422
57.758414
57.996069
58.235892
58.478853
58.724860
58.973172
59.222921
59.462235
59.610622
59.759047
59.907000
60.054484
60.201761
60.349118
60.423708
60.430098
60.434871
60.437841
60.439296
60.439714
60.439558
60.439176
60.438778
60.438464
60.438260
60.438150
60.438106
60.438100
60.438109
60.438122
60.438132
60.438138
60.438139
60.438137
60.438133
60.438128
60.675791
60.915735
61.158890
61.405114
61.653627
61.903533
62.154097
62.404830
62.579277
62.724401
62.868687
63.012076
63.154844
63.195573
63.201380
63.205348
63.207565
63.208459
63.208537
63.208222
63.207803
63.207434
63.207174
63.207024
63.206959
63.206947
63.206960
63.206981
63.206999
63.207012
63.207018
63.207020
63.207019
63.207017
63.207014
63.444683
63.684696
63.927965
64.174317
64.422946
64.672942
64.923566
65.174328
65.424973
65.613365
65.755083
65.895759
66.035321
66.047291
66.052997
66.056506
66.058179
66.058611
66.058372
66.057881
66.057393
66.057021
66.056792
66.056682
66.056653
66.056667
66.056698
66.056729
66.056752
66.056766
66.056773
66.056775
66.056774
66.056773
66.056772
66.294444
66.534495
66.777825
67.024245
67.272937
67.522983
67.773639
68.024418
68.275065
68.525495
68.684012
68.822271
68.915399
68.923396
68.928816
68.931821
68.932999
68.933056
68.932583
68.931979
68.931459
68.931102
68.930906
68.930831
68.930829
68.930862
68.930904
68.930940
68.930964
68.930979
68.930985
68.930987
68.930987
68.930986
68.930986
69.168659
69.408730
69.652092
69.898549
70.147274
70.397346
70.648020
70.898806
71.149454
71.399880
71.592453
71.725200
71.735527
71.743020
71.747509
71.749544
71.749960
71.749530
71.748812
71.748133
71.747634
71.747338
71.747206
71.747183
71.747215
71.747266
71.747314
71.747350
71.747372
71.747383
71.747387
71.747388
71.747387
71.747386
71.985059
72.225139
72.468516
72.714989
72.963729
73.213813
73.464494
73.715284
73.965931
74.216354
74.377608
74.389095
74.397753
74.403149
74.405753
74.406446
74.406092
74.405337
74.404578
74.403998
74.403640
74.403470
74.403428
74.403456
74.403511
74.403565
74.403607
74.403634
74.403648
74.403654
74.403655
74.403654
74.403653
74.641326
74.881408
75.124788
75.371263
75.620005
75.870089
76.120770
76.371559
76.622205
76.757208
76.768579
76.776957
76.782047
76.784404
76.784938
76.784501
76.783720
76.782967
76.782406
76.782069
76.781916
76.781885
76.781918
76.781974
76.782028
76.782068
76.782094
76.782107
76.782112
76.782112
76.782111
76.782110
77.019783
77.259859
77.503230
77.749694
77.998424
78.248499
78.489779
78.625008
78.746860
78.756599
78.763377
78.767256
78.768873
78.769061
78.768545
78.767828
78.767190
78.766740
78.766486
78.766383
78.766374
78.766411
78.766462
78.766506
78.766537
78.766556
78.766564
78.766567
78.766566
78.766565
79.004236
79.244299
79.487647
79.734084
79.900994
80.036633
80.172383
80.264520
80.272120
80.277327
80.280255
80.281438
80.281538
80.281116
80.280556
80.280066
80.279726
80.279537
80.279461
80.279456
80.279484
80.279521
80.279552
80.279574
80.279585
80.279590
80.279590
80.279588
80.517258
80.757308
81.000636
81.247055
81.391224
81.528981
81.666833
81.767814
81.775363
81.780634
81.783672
81.784963
81.785143
81.784772
81.784236
81.783753
81.783409
81.783211
81.783127
81.783115
81.783137
81.783170
81.783200
81.783220
81.783231
81.783235
81.783234
82.020904
82.260948
82.504269
82.674451
82.811165
82.948779
83.086629
83.116778
83.123158
83.127255
83.129348
83.130021
83.129884
83.129407
83.128889
83.128476
83.128209
83.128073
83.128029
83.128036
83.128065
83.128096
83.128120
83.128134
83.128141
83.128142
83.347187
83.475067
83.605245
83.737701
83.872109
83.892878
83.898910
83.903127
83.905519
83.906505
83.906613
83.906294
83.905856
83.905468
83.905197
83.905044
83.904980
83.904972
83.904991
83.905016
83.905038
83.905051
83.905058
83.905059
83.905378
84.032302
84.160981
84.223355
84.227358
84.231053
84.233777
84.235412
84.236161
84.236328
84.236191
84.235948
84.235717
84.235546
84.235444
84.235396
84.235384
84.235390
84.235401
84.235411
84.235416
84.235418
84.235416
84.235413
84.235413
84.156374
84.027787
84.006718
84.003706
84.001030
83.999141
83.998074
83.997649
83.997627
83.997802
83.998028
83.998226
83.998364
83.998440
83.998469
83.998467
83.998450
83.998428
83.998408
83.998392
83.998381
83.998374
83.785699
83.656053
83.524116
83.389909
83.253772
83.222785
83.216623
83.212281
83.209808
83.208797
83.208710
83.209076
83.209567
83.210000
83.210303
83.210472
83.210538
83.210538
83.210506
83.210464
83.210427
83.210398
82.972708
82.732567
82.525408
82.388234
82.249289
82.109510
82.006152
81.998660
81.993266
81.990070
81.988662
81.988423
81.988788
81.989347
81.989864
81.990238
81.990455
81.990546
81.990554
81.990520
81.990473
81.990428
81.752722
81.512567
81.269094
81.061901
80.921660
80.780530
80.639346
80.577589
80.570665
80.566068
80.563615
80.562746
80.562823
80.563323
80.563901
80.564378
80.564692
80.564855
80.564906
80.564891
80.564847
80.564797
80.327084
80.086925
79.843453
79.596892
79.411272
79.269728
79.128196
79.025102
79.017129
79.011628
79.008523
79.007274
79.007187
79.007662
79.008286
79.008829
79.009205
79.009412
79.009490
79.009487
79.009445
78.771721
78.531553
78.288076
78.041515
77.792709
77.542586
77.396372
77.254279
77.164153
77.155902
77.150410
77.147453
77.146378
77.146434
77.147002
77.147672
77.148230
77.148602
77.148797
77.148862
77.148850
76.911131
76.670963
76.427488
76.180930
75.932129
75.682009
75.431315
75.184090
75.042417
74.925402
74.915794
74.909139
74.905364
74.903824
74.903687
74.904233
74.904965
74.905609
74.906057
74.906307
74.906403
74.906405
74.668688
74.428528
74.185064
73.938517
73.689726
73.439613
73.188921
72.938134
72.687498
72.491181
72.374195
72.363924
72.356602
72.352314
72.350453
72.350158
72.350659
72.351408
72.352093
72.352584
72.352868
72.352986
72.115327
71.875191
71.631733
71.385184
71.136387
70.886269
70.635572
70.384781
70.134140
69.883728
69.664885
69.582765
69.572612
69.565508
69.561455
69.559779
69.559602
69.560160
69.560925
69.561602
69.562076
69.562342
69.562448
69.324781
69.084649
68.841201
68.594664
68.345877
68.095765
67.845072
67.594281
67.343637
67.093221
66.843015
66.641410
66.624195
66.614967
66.608981
66.605916
66.604932
66.605143
66.605857
66.606632
66.607250
66.607647
66.607846
66.370234
66.130129
65.886692
65.640155
65.391364
65.141247
64.890549
64.639753
64.389107
64.138688
63.888479
63.638422
63.575486
63.565123
63.557876
63.553757
63.552065
63.551897
63.552474
63.553257
63.553948
63.554431
63.554701
63.554807
63.317140
63.077004
62.833546
62.586991
62.338183
62.088049
61.837336
61.586528
61.335873
61.085451
60.835242
60.585187
60.335194
60.085222
59.835251
59.585274
59.335290
59.085304
58.835319
58.585337
58.335361
58.085389
57.835420
57.585455
57.335404
57.085298
56.835175
56.585105
56.335387
56.085683
55.835797
55.585751
55.335614
55.085447
54.835289
54.585532
54.335532
54.085503
53.835184
53.584707
53.334222
53.083854
52.833681
52.583683
52.333809
52.084009
51.834248
51.584060
51.404920
51.260687
51.012395
50.764195
50.515708
50.266759
50.017374
49.767658
49.517733
49.267705
49.063732
48.915497
48.767773
48.620737
48.474315
48.328309
48.182515
47.937094
47.690837
47.443458
47.195035
46.945819
46.731965
46.579802
46.427781
46.276190
46.191334
46.185116
46.180552
46.177633
46.176066
46.175442
46.175383
45.935903
45.694549
45.499697
45.350138
45.199183
45.047456
44.895324
44.774431
44.768087
44.763123
44.759748
44.757804
44.756928
44.756734
44.756904
44.757216
44.757536
44.757799
44.721045
44.576413
44.430536
44.282967
44.133683
44.001685
43.995988
43.991069
43.987450
43.985183
43.984016
43.983611
43.983656
43.983914
43.984229
43.984515
43.984735
43.984883
43.984967
43.984930
43.984662
43.977811
44.096404
44.098921
44.102105
44.104984
44.107165
44.109152
44.110503
44.111310
44.111713
44.111847
44.111822
44.111714
44.111571
44.105538
44.106179
44.107386
44.233200
44.377551
44.522955
44.670104
44.819157
44.970238
45.068900
45.076488
45.082667
45.086884
45.089279
45.090357
45.095087
45.089681
45.094480
45.087885
45.087591
45.087922
45.088486
45.089001
45.089350
45.327138
45.566653
45.778194
45.926291
46.076247
46.227296
46.379008
46.531232
46.591653
46.598938
46.604240
46.607498
46.609110
46.609629
46.609547
46.609221
46.608860
46.608562
46.608352
46.608220
46.845766
47.085294
47.327872
47.573476
47.800840
47.953566
48.106949
48.259975
48.412683
48.512090
48.519634
48.525198
48.528672
48.530418
48.530991
48.530912
48.530561
48.530168
48.529846
48.529624
48.529491
48.767038
49.006688
49.249405
49.495154
49.743280
49.993167
50.196896
50.350454
50.503143
50.655306
50.769959
50.777823
50.783613
50.787206
50.788978
50.789517
50.789377
50.788963
50.788521
50.788168
50.787932
51.025452
51.265102
51.507921
51.753797
52.002037
52.251776
52.502389
52.749991
52.903485
53.056066
53.208159
53.317234
53.325059
53.330691
53.334089
53.335681
53.336083
53.335851
53.335386
53.334924
53.334570
53.572001
53.811645
54.054520
54.300480
54.548801
54.798602
55.049142
55.300219
55.551271
55.723844
55.876418
56.028111
56.112915
56.120534
56.125822
56.128866
56.130174
56.130385
56.130048
56.129541
56.366710
56.606197
56.848982
57.094919
57.343235
57.593098
57.843660
58.094732
58.345707
58.596311
58.783021
58.935988
59.088149
59.124401
59.131646
59.136330
59.138756
59.139582
59.139484
59.138988
59.138428
59.375611
59.615163
59.858079
60.104132
60.352546
60.602467
60.853069
61.103854
61.273005
61.425174
61.576189
61.647033
61.654371
61.659330
61.662082
61.663181
61.663267
61.662871
61.662348
61.661893
61.899239
62.138979
62.382047
62.628274
62.876846
63.076382
63.225592
63.374252
63.441768
63.449660
63.454907
63.457752
63.458830
63.458848
63.458380
63.457801
63.457310
63.456974
63.456786
63.456709
63.694368
63.934391
64.177683
64.385818
64.528270
64.661380
64.671271
64.678687
64.683300
64.685533
64.686146
64.685873
64.685259
64.684638
64.684161
64.683865
64.683721
64.683680
64.683696
64.683732
64.894967
65.024653
65.083522
65.088579
65.093003
65.096124
65.097906
65.098647
65.098735
65.098502
65.098177
65.097890
65.097688
65.097574
65.097528
65.097524
65.097540
65.097561
65.097580
65.097592
64.859926
64.764252
64.760005
64.755611
64.752128
64.749896
64.748774
64.748434
64.748536
64.748820
64.749120
64.749356
64.749506
64.749582
64.749604
64.749596
64.749577
64.749556
64.749540
64.749530
64.511852
64.271771
64.028393
63.786362
63.683034
63.672157
63.663633
63.658158
63.655398
63.654550
63.654790
63.655475
63.656203
63.656778
63.657145
63.657328
63.657382
63.657364
63.657316
63.419593
63.179463
62.936042
62.689533
62.440767
62.190666
61.996304
61.861203
61.817996
61.809673
61.804447
61.801877
61.801150
61.801451
61.802158
61.802884
61.803447
61.803799
61.803970
61.804015
61.566318
61.326147
61.082650
60.836060
60.587224
60.337072
60.086352
59.835547
59.619017
59.479624
59.341304
59.322159
59.315521
59.311571
59.309806
59.309476
59.309894
59.310559
59.311181
59.073962
58.834053
58.590632
58.344001
58.095071
57.844821
57.594024
57.343175
57.092518
56.842125
56.591967
56.362845
56.219120
56.076485
56.047303
56.040390
56.036141
56.034124
56.033629
55.796290
55.556670
55.313682
55.067402
54.818724
54.568616
54.317862
54.067079
53.816759
53.568232
53.317767
53.067286
52.816890
52.615647
52.469082
52.419108
52.411550
52.403478
52.401257
52.163416
51.923935
51.681329
51.435439
51.187044
50.937143
50.686505
50.435883
50.185590
49.937548
49.686924
49.454537
49.305855
49.158693
49.149715
49.143354
49.135984
49.134742
49.135248
48.898797
48.659664
48.416814
48.170443
47.921565
47.671259
47.420382
47.169854
46.919479
46.678578
46.532362
46.383458
46.263504
46.255552
46.250094
46.246975
46.245669
46.241535
46.004920
45.766039
45.523562
45.277506
45.028851
44.778621
44.528535
44.287826
44.136853
43.986346
43.836997
43.748869
43.742617
43.738575
43.736458
43.735732
43.738280
43.736003
43.736298
43.497796
43.257044
43.013326
42.766809
42.515545
42.292630
42.142173
41.991665
41.841866
41.692992
41.629443
41.624244
41.624782
41.618788
41.621348
41.617600
41.620604
41.618251
41.379768
41.139097
40.895417
40.707890
40.558200
40.407702
40.257251
40.110657
39.957653
39.929887
39.924780
39.920890
39.918338
39.916940
39.916374
39.916318
39.916520
39.916807
39.731388
39.587318
39.441430
39.293769
39.144638
38.994362
38.843210
38.725401
38.719486
38.714800
38.711612
38.709804
38.709038
38.708941
38.709202
38.709599
38.709997
38.710231
38.709887
38.709190
38.697825
38.641436
38.640660
38.639958
38.639476
38.639274
38.639323
38.639554
38.639891
38.640267
38.640636
38.640968
38.641246
38.880955
39.070669
39.226469
39.384079
39.543486
39.704530
39.867018
40.030757
40.195562
40.236868
40.243647
40.248970
40.252713
40.255096
40.256466
40.257164
40.496947
40.737426
40.903900
41.067481
41.232707
41.399298
41.566998
41.735596
41.863792
41.871365
41.877675
41.882351
41.885463
41.887330
42.127824
42.364997
42.530426
42.697442
42.865922
43.035583
43.206160
43.317959
43.325421
43.331574
43.336078
43.339030
43.340765
43.341659
43.342033
43.581648
43.822332
44.065086
44.310181
44.557312
44.805958
45.055603
45.305830
45.556345
45.762530
45.857236
45.866685
45.873917
45.878797
46.121228
46.363596
46.607262
46.852777
47.100041
47.348671
47.598228
47.848335
48.098715
48.344080
48.595178
48.836360
49.019872
49.273544
49.525927
49.777009
50.027168
50.276888
50.526506
50.776213
51.026087
51.276129
51.526300
51.776546
52.026819
52.277076
52.527160
52.777144
53.027100
53.277069
53.527071
53.777105
54.027163
54.277233
54.527303
54.777365
55.027411
55.277438
55.527421
55.777379
56.027324
56.277265
56.527204
56.777142
57.027077
57.277036
57.527751
57.778147
58.028039
58.277882
58.527791
58.777645
58.905196
59.022934
59.140432
59.257792
59.374921
59.491736
59.609578
59.729006
59.849568
59.971263
60.094079
60.126198
60.131280
60.134879
60.136955
60.137836
60.137957
60.137701
60.137334
60.137005
60.136774
60.136646
60.136597
60.136598
60.374297
60.614411
60.857819
61.104314
61.353069
61.603161
61.853850
62.104646
62.355298
62.605726
62.855949
63.012677
63.027134
