-0.000354
-0.000354
-0.000354
-0.000354
-0.000354
-0.000354
-0.000354
-0.000339
-0.000349
-0.000344
-0.000352
-0.000453
-0.000472
-0.000561
-0.000662
-0.000755
-0.000832
-0.000891
-0.000933
-0.000959
-0.000973
-0.000979
-0.000979
-0.000974
-0.000968
-0.000961
-0.000953
-0.000945
-0.000936
-0.000926
-0.000915
-0.000903
-0.000888
-0.000872
-0.000854
-0.000833
-0.000811
-0.000787
-0.000761
-0.000734
-0.000706
-0.000676
-0.000646
-0.000615
-0.000583
-0.000551
-0.000519
-0.000487
-0.000455
-0.000423
-0.000392
-0.000361
-0.000331
-0.000301
-0.000273
-0.000245
-0.000218
-0.000192
-0.000168
-0.000145
-0.000123
-0.000103
-0.000084
-0.000067
-0.000051
-0.000037
-0.000024
-0.000013
-0.000003
0.000005
0.000012
0.000017
0.000021
0.000023
0.000024
0.000024
0.000022
0.000019
0.000016
0.000011
0.000005
-0.000002
-0.000010
-0.000019
-0.000028
-0.000038
-0.000049
-0.000060
-0.000071
-0.000083
-0.000095
-0.000107
-0.000120
-0.000132
-0.000145
-0.000157
-0.000170
-0.000182
-0.000194
-0.000206
-0.000218
-0.000229
-0.000240
-0.000251
-0.000261
-0.000271
-0.000280
-0.000288
-0.000297
-0.000304
-0.000311
-0.000318
-0.000324
-0.000329
-0.000334
-0.000338
-0.000341
-0.000344
-0.000346
-0.000348
-0.000349
-0.000350
-0.000350
-0.000350
-0.000349
-0.000347
-0.000345
-0.000343
-0.000340
-0.000336
-0.000333
-0.000328
-0.000324
-0.000319
-0.000314
-0.000308
-0.000302
0.011230
0.011238
0.011238
0.011222
0.011184
0.011121
0.011033
0.010920
0.010783
0.010624
0.010447
0.010253
0.010046
0.009828
0.009601
0.009366
0.009126
0.008880
0.008631
0.008378
0.008124
0.007867
0.007610
0.007352
0.007093
0.006836
0.006580
0.006325
0.006072
0.005822
0.005574
0.005330
0.005090
0.004854
0.004622
0.004394
0.004171
0.003954
0.003741
0.003534
0.003332
0.003136
0.002945
0.002761
0.002582
0.002409
0.002242
0.002081
0.001926
0.001777
0.001634
0.001497
0.001366
0.001241
0.001122
0.001008
0.000900
0.024304
0.024210
0.024096
0.023942
0.023732
0.023461
0.023125
0.022727
0.022272
0.021766
0.021217
0.020633
0.020020
0.019386
0.018736
0.018075
0.017405
0.016731
0.016055
0.015378
0.014703
0.014031
0.013364
0.012704
0.012050
0.011406
0.010771
0.010147
0.009536
0.008938
0.008353
0.007784
0.007230
0.006692
0.006170
0.005666
0.005179
0.004710
0.004259
0.003826
0.003412
0.003015
0.038856
0.038501
0.038117
0.037668
0.037129
0.036489
0.035744
0.034899
0.033964
0.032951
0.031875
0.030749
0.029586
0.028397
0.027193
0.025981
0.024768
0.023558
0.022357
0.021173
0.020010
0.018868
0.017749
0.016653
0.015580
0.014532
0.013504
0.012497
0.011513
0.010554
0.009624
0.008724
0.007856
0.007022
0.006222
0.055467
0.054745
0.053987
0.053139
0.052168
0.051060
0.049813
0.048436
0.046946
0.045363
0.043708
0.041992
0.040234
0.038437
0.036605
0.034738
0.032839
0.030920
0.028997
0.027085
0.025198
0.023348
0.021543
0.019785
0.018087
0.016454
0.014890
0.013395
0.011969
0.010610
0.009317
0.008089
0.006925
0.005824
0.069849
0.068882
0.067887
0.066793
0.065556
0.064154
0.062583
0.060852
0.058981
0.056993
0.054909
0.052754
0.050550
0.048317
0.046074
0.043836
0.041605
0.039381
0.037160
0.034941
0.032728
0.030530
0.028359
0.026227
0.024141
0.022111
0.020146
0.018251
0.016431
0.014687
0.013036
0.011478
0.010011
0.008631
0.088631
0.087427
0.086197
0.084856
0.083347
0.081642
0.079734
0.077634
0.075361
0.072940
0.070401
0.067774
0.065096
0.062381
0.059640
0.056877
0.054098
0.051307
0.048509
0.045715
0.042939
0.040192
0.037485
0.034830
0.032234
0.029705
0.027248
0.024868
0.022569
0.020358
0.018239
0.016217
0.014292
0.012482
0.010785
0.107370
0.105903
0.104422
0.102827
0.101050
0.099055
0.096832
0.094392
0.091754
0.088945
0.086009
0.082971
0.079851
0.076670
0.073441
0.070185
0.066911
0.063628
0.060347
0.057083
0.053849
0.050658
0.047517
0.044436
0.041421
0.038477
0.035607
0.032815
0.030102
0.027470
0.024923
0.022465
0.020102
0.017835
0.015685
0.013657
0.011752
0.009969
0.109969
0.117310
0.115787
0.114164
0.112373
0.110371
0.108143
0.105689
0.103034
0.100212
0.097275
0.094300
0.091393
0.088701
0.086434
0.084895
0.084415
0.060819
0.059105
0.056775
0.054121
0.051323
0.048482
0.045657
0.042883
0.040177
0.037552
0.035013
0.032564
0.030203
0.027931
0.025746
0.023650
0.021642
0.019737
0.017935
0.016228
0.014608
0.013068
0.113068
0.116749
0.115315
0.113736
0.111962
0.109963
0.107719
0.105224
0.102488
0.099531
0.096380
0.093063
0.089611
0.086060
0.082441
0.078787
0.075127
0.071487
0.067886
0.064341
0.060864
0.057466
0.054151
0.050926
0.047793
0.044756
0.041817
0.038977
0.036238
0.033605
0.031078
0.028658
0.026343
0.024152
0.022082
0.020125
0.018275
0.016524
0.014865
0.013293
0.011801
0.010388
0.109523
0.108273
0.106993
0.105605
0.104062
0.102320
0.100348
0.098137
0.095692
0.093034
0.090190
0.087189
0.084063
0.080845
0.077572
0.074282
0.070998
0.067737
0.064516
0.061345
0.058235
0.055189
0.052214
0.049313
0.046490
0.043747
0.041087
0.038511
0.036021
0.033617
0.031303
0.029094
0.026988
0.024984
0.023075
0.021256
0.019523
0.017871
0.016297
0.014799
0.013373
0.012018
0.010733
0.106393
0.105257
0.104096
0.102826
0.101384
0.099727
0.097835
0.095703
0.093342
0.090775
0.088029
0.085135
0.082134
0.079067
0.075970
0.072873
0.069794
0.066743
0.063731
0.060765
0.057849
0.054989
0.052187
0.049449
0.046777
0.044174
0.041643
0.039186
0.036806
0.034505
0.032284
0.030158
0.028127
0.026187
0.024335
0.022565
0.020875
0.019260
0.017717
0.016245
0.014841
0.013504
0.012232
0.011024
0.105936
0.104865
0.103759
0.102531
0.101121
0.099487
0.097611
0.095490
0.093138
0.090580
0.087851
0.084997
0.082058
0.079072
0.076068
0.073072
0.070097
0.067154
0.064247
0.061381
0.058560
0.055788
0.053067
0.050403
0.047798
0.045256
0.042780
0.040373
0.038038
0.035778
0.033607
0.031525
0.029530
0.027619
0.025787
0.024032
0.022350
0.020739
0.019197
0.017721
0.016312
0.014966
0.013684
0.012465
0.011307
0.108634
0.107588
0.106481
0.105233
0.103786
0.102102
0.100163
0.097970
0.095542
0.092918
0.090141
0.087256
0.084300
0.081307
0.078304
0.075308
0.072332
0.069382
0.066464
0.063583
0.060742
0.057946
0.055201
0.052509
0.049876
0.047305
0.044798
0.042359
0.039990
0.037691
0.035468
0.033333
0.031286
0.029327
0.027450
0.025652
0.023929
0.022279
0.020698
0.019184
0.017737
0.016353
0.015033
0.013774
0.012577
0.112577
0.114943
0.113785
0.112458
0.110905
0.109088
0.106990
0.104619
0.102011
0.099210
0.096260
0.093206
0.090089
0.086936
0.083774
0.080617
0.077477
0.074361
0.071274
0.068224
0.065215
0.062254
0.059345
0.056494
0.053704
0.050978
0.048320
0.045734
0.043220
0.040780
0.038417
0.036130
0.033935
0.031833
0.029822
0.027898
0.026058
0.024296
0.022610
0.020996
0.019452
0.017976
0.016567
0.116567
0.129366
0.128011
0.126485
0.124709
0.122629
0.120229
0.117526
0.114561
0.111384
0.108044
0.104595
0.101077
0.097522
0.093955
0.090392
0.086846
0.083326
0.079840
0.076396
0.073000
0.069658
0.066377
0.063160
0.060013
0.056939
0.053941
0.051023
0.048186
0.045433
0.042767
0.040192
0.037707
0.035314
0.033027
0.030847
0.028770
0.026791
0.024905
0.023106
0.021389
0.121389
0.148964
0.147335
0.145528
0.143463
0.141096
0.138398
0.135362
0.132003
0.128366
0.124510
0.120499
0.116384
0.112206
0.108001
0.103789
0.099591
0.095425
0.091304
0.087240
0.083243
0.079319
0.075473
0.071711
0.068035
0.064449
0.060956
0.057558
0.054259
0.051060
0.047963
0.044968
0.042076
0.039289
0.036605
0.034028
0.031578
0.029254
0.129254
0.167294
0.165205
0.162965
0.160485
0.157702
0.154578
0.151102
0.147288
0.143169
0.138802
0.134229
0.129505
0.124682
0.119804
0.114907
0.110025
0.105181
0.100396
0.095682
0.091052
0.086512
0.082070
0.077730
0.073497
0.069376
0.065369
0.061479
0.057710
0.054062
0.050538
0.047138
0.043863
0.040713
0.037688
0.034787
0.134787
0.175397
0.172799
0.170099
0.167197
0.164022
0.160529
0.156701
0.152547
0.148116
0.143441
0.138559
0.133515
0.128347
0.123093
0.117795
0.112495
0.107225
0.102009
0.096869
0.091821
0.086877
0.082046
0.077337
0.072754
0.068304
0.063989
0.059812
0.055777
0.051884
0.048135
0.044529
0.041068
0.037749
0.137749
0.173047
0.170074
0.167049
0.163878
0.160459
0.156742
0.152748
0.148442
0.143865
0.139047
0.134039
0.128879
0.123601
0.118236
0.112820
0.107392
0.101985
0.096631
0.091352
0.086170
0.081099
0.076153
0.071340
0.066670
0.062146
0.057775
0.053557
0.049496
0.045592
0.041846
0.038257
0.034826
0.134826
0.158381
0.155331
0.152249
0.149051
0.145671
0.142024
0.138080
0.133840
0.129351
0.124648
0.119782
0.114790
0.109706
0.104557
0.099369
0.094181
0.089025
0.083930
0.078921
0.074015
0.069229
0.064573
0.060058
0.055689
0.051471
0.047408
0.043502
0.039754
0.036165
0.032734
0.029467
0.129467
0.137539
0.134693
0.131817
0.128806
0.125594
0.122142
0.118432
0.114493
0.110328
0.105983
0.101508
0.096926
0.092275
0.087580
0.082869
0.078176
0.073529
0.068955
0.064472
0.060097
0.055842
0.051716
0.047728
0.043880
0.040185
0.036639
0.033248
0.030015
0.026938
0.024042
0.021324
0.115578
0.113204
0.110869
0.108462
0.105909
0.103169
0.100216
0.097044
0.093662
0.090090
0.086358
0.082499
0.078558
0.074566
0.070547
0.066533
0.062556
0.058631
0.054778
0.051013
0.047351
0.043800
0.040368
0.037061
0.033881
0.030831
0.027912
0.025146
0.022532
0.020070
0.017754
0.015574
0.013525
0.091757
0.089957
0.088165
0.086297
0.084295
0.082129
0.079786
0.077263
0.074568
0.071719
0.068736
0.065644
0.062469
0.059234
0.055972
0.052713
0.049487
0.046316
0.043219
0.040209
0.037297
0.034487
0.031782
0.029183
0.026692
0.024310
0.022034
0.019864
0.017799
0.015836
0.013973
0.012208
0.010539
0.008966
0.071679
0.070299
0.068923
0.067483
0.065931
0.064243
0.062411
0.060438
0.058328
0.056094
0.053750
0.051312
0.048799
0.046228
0.043622
0.041009
0.038418
0.035871
0.033385
0.030973
0.028642
0.026397
0.024240
0.022173
0.020195
0.018304
0.016500
0.014780
0.013142
0.011587
0.010112
0.008717
0.007401
0.006164
0.005003
0.051239
0.050233
0.049232
0.048183
0.047053
0.045821
0.044482
0.043039
0.041503
0.039883
0.038186
0.036421
0.034597
0.032722
0.030815
0.028899
0.026997
0.025125
0.023299
0.021530
0.019824
0.018185
0.016615
0.015114
0.013681
0.012315
0.011015
0.009778
0.008605
0.007493
0.006441
0.005450
0.004518
0.003643
0.002826
0.035553
0.034849
0.034149
0.033415
0.032622
0.031755
0.030810
0.029790
0.028703
0.027562
0.026372
0.025138
0.023859
0.022539
0.021192
0.019836
0.018486
0.017158
0.015862
0.014607
0.013399
0.012240
0.011132
0.010074
0.009067
0.008108
0.007198
0.006333
0.005515
0.004741
0.004011
0.003324
0.002679
0.002076
0.001513
0.023422
0.022940
0.022463
0.021963
0.021423
0.020833
0.020190
0.019497
0.018760
0.017987
0.017186
0.016357
0.015499
0.014612
0.013706
0.012793
0.011885
0.010992
0.010122
0.009281
0.008472
0.007698
0.006960
0.006257
0.005589
0.004956
0.004355
0.003787
0.003250
0.002744
0.002268
0.001822
0.001404
0.001014
0.000653
0.013394
0.013088
0.012785
0.012472
0.012137
0.011774
0.011382
0.010962
0.010518
0.010055
0.009577
0.009084
0.008571
0.008042
0.007505
0.006967
0.006435
0.005915
0.005410
0.004925
0.004461
0.004019
0.003599
0.003201
0.002825
0.002469
0.002133
0.001816
0.001518
0.001238
0.000977
0.000733
0.000505
0.000295
0.004730
0.004552
0.004381
0.004212
0.004040
0.003862
0.003678
0.003489
0.003295
0.003098
0.002899
0.002696
0.002490
0.002284
0.002080
0.001880
0.001688
0.001503
0.001328
0.001163
0.001007
0.000862
0.000726
0.000599
0.000482
0.000372
0.000271
0.000178
0.000092
0.000013
-0.000058
-0.000124
-0.000182
-0.003803
-0.003850
-0.003887
-0.003908
-0.003913
-0.003900
-0.003869
-0.003821
-0.003758
-0.003681
-0.003586
-0.003472
-0.003345
-0.003205
-0.003058
-0.002905
-0.002750
-0.002594
-0.002440
-0.002287
-0.002137
-0.001990
-0.001847
-0.001707
-0.001571
-0.001438
-0.001310
-0.001185
-0.001064
-0.000948
-0.000836
-0.000729
-0.012765
-0.012669
-0.012558
-0.012417
-0.012237
-0.012014
-0.011748
-0.011439
-0.011082
-0.010671
-0.010214
-0.009720
-0.009202
-0.008671
-0.008134
-0.007601
-0.007077
-0.006565
-0.006069
-0.005588
-0.005124
-0.004678
-0.004248
-0.003834
-0.003437
-0.003057
-0.002693
-0.002345
-0.002015
-0.001700
-0.021505
-0.021227
-0.020931
-0.020593
-0.020196
-0.019726
-0.019171
-0.018523
-0.017784
-0.016971
-0.016103
-0.015199
-0.014277
-0.013353
-0.012438
-0.011542
-0.010670
-0.009825
-0.009010
-0.008225
-0.007470
-0.006745
-0.006050
-0.005384
-0.004748
-0.004140
-0.003562
-0.003014
-0.024865
-0.024378
-0.023881
-0.023344
-0.022751
-0.022083
-0.021328
-0.020478
-0.019539
-0.018526
-0.017463
-0.016369
-0.015266
-0.014170
-0.013093
-0.012045
-0.011031
-0.010056
-0.009121
-0.008225
-0.007369
-0.006552
-0.005773
-0.005032
-0.004329
-0.003662
-0.003031
-0.025475
-0.024919
-0.024357
-0.023759
-0.023100
-0.022358
-0.021522
-0.020588
-0.019569
-0.018484
-0.017357
-0.016209
-0.015060
-0.013926
-0.012818
-0.011744
-0.010710
-0.009718
-0.008768
-0.007862
-0.006997
-0.006174
-0.005392
-0.004649
-0.003945
-0.003280
-0.026309
-0.025721
-0.025114
-0.024447
-0.023688
-0.022823
-0.021856
-0.020802
-0.019682
-0.018518
-0.017333
-0.016145
-0.014969
-0.013817
-0.012696
-0.011613
-0.010570
-0.009569
-0.008610
-0.007693
-0.006818
-0.005984
-0.005191
-0.004438
-0.027938
-0.027246
-0.026512
-0.025696
-0.024781
-0.023766
-0.022664
-0.021492
-0.020271
-0.019021
-0.017762
-0.016508
-0.015273
-0.014066
-0.012893
-0.011760
-0.010668
-0.009620
-0.008616
-0.007656
-0.006740
-0.005868
-0.005039
-0.004255
-0.028210
-0.027492
-0.026731
-0.025884
-0.024938
-0.023895
-0.022768
-0.021573
-0.020332
-0.019065
-0.017789
-0.016521
-0.015272
-0.014052
-0.012868
-0.011723
-0.010621
-0.009563
-0.008550
-0.007582
-0.006659
-0.005781
-0.004948
-0.029252
-0.028509
-0.027749
-0.026931
-0.026024
-0.025012
-0.023898
-0.022700
-0.021438
-0.020135
-0.018813
-0.017491
-0.016185
-0.014906
-0.013664
-0.012465
-0.011310
-0.010203
-0.009143
-0.008131
-0.007167
-0.006249
-0.030764
-0.029941
-0.029117
-0.028257
-0.027328
-0.026313
-0.025200
-0.023991
-0.022704
-0.021361
-0.019986
-0.018602
-0.017226
-0.015874
-0.014559
-0.013286
-0.012061
-0.010887
-0.009764
-0.008693
-0.007673
-0.006702
-0.031028
-0.030158
-0.029290
-0.028392
-0.027441
-0.026416
-0.025307
-0.024108
-0.022830
-0.021492
-0.020118
-0.018729
-0.017346
-0.015984
-0.014656
-0.013370
-0.012132
-0.010946
-0.009813
-0.008732
-0.007704
-0.006727
-0.029393
-0.028518
-0.027650
-0.026757
-0.025823
-0.024831
-0.023772
-0.022637
-0.021431
-0.020170
-0.018874
-0.017563
-0.016257
-0.014971
-0.013716
-0.012501
-0.011333
-0.010213
-0.009144
-0.008126
-0.007158
-0.027435
-0.026567
-0.025708
-0.024832
-0.023922
-0.022969
-0.021974
-0.020930
-0.019833
-0.018687
-0.017507
-0.016309
-0.015110
-0.013925
-0.012765
-0.011639
-0.010554
-0.009514
-0.008520
-0.007575
-0.006676
-0.024203
-0.023399
-0.022606
-0.021802
-0.020973
-0.020110
-0.019214
-0.018287
-0.017335
-0.016357
-0.015350
-0.014326
-0.013297
-0.012273
-0.011267
-0.010287
-0.009338
-0.008427
-0.007555
-0.006725
-0.005935
-0.005188
-0.019670
-0.019004
-0.018351
-0.017691
-0.017012
-0.016309
-0.015580
-0.014829
-0.014059
-0.013277
-0.012485
-0.011679
-0.010868
-0.010059
-0.009260
-0.008478
-0.007719
-0.006987
-0.006285
-0.005615
-0.004977
-0.004373
-0.015485
-0.014947
-0.014420
-0.013891
-0.013349
-0.012791
-0.012215
-0.011623
-0.011018
-0.010406
-0.009790
-0.009174
-0.008555
-0.007938
-0.007328
-0.006730
-0.006147
-0.005583
-0.005042
-0.004524
-0.004030
-0.003561
-0.003116
-0.010628
-0.010233
-0.009849
-0.009465
-0.009076
-0.008679
-0.008272
-0.007856
-0.007435
-0.007010
-0.006584
-0.006162
-0.005741
-0.005323
-0.004911
-0.004508
-0.004116
-0.003737
-0.003374
-0.003027
-0.002696
-0.002382
-0.002084
-0.005820
-0.005556
-0.005301
-0.005051
-0.004803
-0.004553
-0.004303
-0.004052
-0.003801
-0.003551
-0.003304
-0.003062
-0.002825
-0.002594
-0.002369
-0.002152
-0.001943
-0.001743
-0.001552
-0.001371
-0.001200
-0.001038
-0.000886
-0.000744
-0.020160
-0.020039
-0.019899
-0.019722
-0.019492
-0.019205
-0.018858
-0.018455
-0.018001
-0.017505
-0.016973
-0.030080
-0.029504
-0.028898
-0.028253
-0.027565
-0.026833
-0.026059
-0.025247
-0.024404
-0.023535
-0.022647
-0.021748
-0.047784
-0.046882
-0.045952
-0.044970
-0.043924
-0.042807
-0.041615
-0.040353
-0.039031
-0.037658
-0.036247
-0.034810
-0.033357
-0.071743
-0.070300
-0.068829
-0.067301
-0.065698
-0.064010
-0.062235
-0.060380
-0.058454
-0.056469
-0.054439
-0.052375
-0.050299
-0.048211
-0.098007
-0.095902
-0.093756
-0.091542
-0.089245
-0.086857
-0.084380
-0.081819
-0.079183
-0.076481
-0.073717
-0.070897
-0.068026
-0.065111
-0.062160
-0.121814
-0.118823
-0.115778
-0.112656
-0.109443
-0.106136
-0.102736
-0.099242
-0.095660
-0.091996
-0.088264
-0.084485
-0.080681
-0.076872
-0.073080
-0.069320
-0.137079
-0.133428
-0.129784
-0.126106
-0.122360
-0.118526
-0.114593
-0.110558
-0.106430
-0.102226
-0.097970
-0.093685
-0.089396
-0.085122
-0.080884
-0.076699
-0.072579
-0.068537
-0.142428
-0.138552
-0.134681
-0.130765
-0.126767
-0.122670
-0.118465
-0.114164
-0.109784
-0.105348
-0.100879
-0.096400
-0.091933
-0.087497
-0.083109
-0.078785
-0.074538
-0.070377
-0.066312
-0.142326
-0.138451
-0.134575
-0.130627
-0.126565
-0.122376
-0.118067
-0.113655
-0.109163
-0.104617
-0.100045
-0.095474
-0.090928
-0.086428
-0.081994
-0.077639
-0.073377
-0.069235
-0.065228
-0.136392
-0.132639
-0.128919
-0.125160
-0.121308
-0.117322
-0.113194
-0.108922
-0.104539
-0.100086
-0.095601
-0.091119
-0.086674
-0.082273
-0.077956
-0.073723
-0.069599
-0.065598
-0.061727
-0.057985
-0.054375
-0.119988
-0.116636
-0.113332
-0.110007
-0.106603
-0.103086
-0.099439
-0.095661
-0.091761
-0.087775
-0.083741
-0.079696
-0.075673
-0.071702
-0.067806
-0.064002
-0.060302
-0.056713
-0.053240
-0.049884
-0.110458
-0.107337
-0.104259
-0.101159
-0.097995
-0.094740
-0.091374
-0.087907
-0.084331
-0.080669
-0.076940
-0.073176
-0.069412
-0.065678
-0.062001
-0.058400
-0.054893
-0.051489
-0.048195
-0.045016
-0.041952
-0.098172
-0.095336
-0.092544
-0.089733
-0.086861
-0.083905
-0.080856
-0.077714
-0.074493
-0.071193
-0.067834
-0.064433
-0.061019
-0.057618
-0.054259
-0.050962
-0.047745
-0.044622
-0.041601
-0.038687
-0.035882
-0.088292
-0.085709
-0.083168
-0.080607
-0.077988
-0.075287
-0.072497
-0.069621
-0.066670
-0.063664
-0.060605
-0.057509
-0.054392
-0.051277
-0.048188
-0.045148
-0.042176
-0.039286
-0.036488
-0.033790
-0.031195
-0.080256
-0.077874
-0.075530
-0.073166
-0.070745
-0.068244
-0.065657
-0.062986
-0.060244
-0.057458
-0.054639
-0.051796
-0.048933
-0.046064
-0.043208
-0.040386
-0.037618
-0.034920
-0.032304
-0.029779
-0.075789
-0.073460
-0.071169
-0.068864
-0.066506
-0.064070
-0.061561
-0.058972
-0.056322
-0.053626
-0.050903
-0.048163
-0.045418
-0.042666
-0.039922
-0.037207
-0.034538
-0.031931
-0.029400
-0.026956
-0.024606
-0.066132
-0.063981
-0.061870
-0.059753
-0.057590
-0.055360
-0.053065
-0.050700
-0.048274
-0.045802
-0.043294
-0.040754
-0.038198
-0.035649
-0.033127
-0.030653
-0.028244
-0.025913
-0.023668
-0.021515
-0.052232
-0.050270
-0.048351
-0.046436
-0.044498
-0.042522
-0.040499
-0.038421
-0.036287
-0.034109
-0.031909
-0.029712
-0.027540
-0.025414
-0.023348
-0.021355
-0.019441
-0.017611
-0.015866
-0.014206
-0.034565
-0.033070
-0.031619
-0.030183
-0.028739
-0.027266
-0.025752
-0.024202
-0.022629
-0.021051
-0.019485
-0.017945
-0.016446
-0.014997
-0.013605
-0.012274
-0.011007
-0.009804
-0.008664
-0.007586
-0.019062
-0.018100
-0.017161
-0.016224
-0.015280
-0.014328
-0.013371
-0.012416
-0.011471
-0.010542
-0.009637
-0.008762
-0.007919
-0.007114
-0.006347
-0.005619
-0.004930
-0.004280
-0.003669
-0.003095
-0.006298
-0.005795
-0.005315
-0.004853
-0.004406
-0.003973
-0.003555
-0.003151
-0.002765
-0.002396
-0.002046
-0.001717
-0.001408
-0.001120
-0.000853
-0.000606
-0.000378
-0.000170
0.000019
0.000191
0.005307
0.005447
0.005566
0.005659
0.005724
0.005750
0.005738
0.005689
0.005608
0.005500
0.005369
0.005220
0.005057
0.004884
0.004703
0.004516
0.004326
0.004132
0.003937
0.017999
0.017805
0.017591
0.017344
0.017054
0.016717
0.016334
0.015901
0.015413
0.014872
0.014287
0.013669
0.013028
0.012375
0.011718
0.011064
0.010417
0.009781
0.009159
0.008552
0.032886
0.032315
0.031727
0.031096
0.030406
0.029650
0.028826
0.027939
0.026997
0.026007
0.024968
0.023879
0.022751
0.021597
0.020432
0.019267
0.018112
0.016977
0.015866
0.051083
0.050038
0.048979
0.047869
0.046685
0.045416
0.044059
0.042621
0.041112
0.039546
0.037938
0.036303
0.034652
0.032986
0.031305
0.029617
0.027935
0.026269
0.024628
0.066151
0.064589
0.063019
0.061401
0.059708
0.057938
0.056079
0.054139
0.052135
0.050084
0.047989
0.045872
0.043748
0.041627
0.039517
0.037415
0.035323
0.033248
0.031209
0.078595
0.076661
0.074729
0.072754
0.070709
0.068579
0.066371
0.064084
0.061728
0.059319
0.056878
0.054414
0.051947
0.049477
0.047007
0.044547
0.042106
0.039707
0.037361
0.091837
0.089628
0.087428
0.085188
0.082875
0.080474
0.077980
0.075400
0.072758
0.070061
0.067328
0.064566
0.061776
0.058968
0.056159
0.053359
0.050586
0.047852
0.110603
0.108014
0.105438
0.102826
0.100139
0.097364
0.094490
0.091530
0.088493
0.085384
0.082211
0.078982
0.075712
0.072419
0.069126
0.065849
0.062606
0.059411
0.056278
0.128685
0.125703
0.122735
0.119737
0.116674
0.113532
0.110301
0.106969
0.103534
0.100000
0.096383
0.092698
0.088968
0.085223
0.081484
0.077770
0.074100
0.070486
0.153830
0.150364
0.146909
0.143417
0.139851
0.136180
0.132384
0.128458
0.124414
0.120258
0.116015
0.111713
0.107378
0.103035
0.098706
0.094409
0.090161
0.085975
0.181334
0.177296
0.173253
0.169143
0.164927
0.160579
0.156089
0.151458
0.146697
0.141830
0.136883
0.131885
0.126862
0.121840
0.116841
0.111884
0.106985
0.206985
0.207326
0.202524
0.197609
0.192526
0.187260
0.181817
0.176219
0.170491
0.164666
0.158774
0.152846
0.146911
0.140996
0.135122
0.129310
0.229310
0.224668
0.219019
0.213302
0.207472
0.201499
0.195371
0.189085
0.182649
0.176079
0.169407
0.162670
0.155907
0.149158
0.142454
0.135827
0.225698
0.219280
0.212898
0.206492
0.200018
0.193449
0.186772
0.179986
0.173097
0.166122
0.159095
0.152054
0.145036
0.138075
0.213864
0.207093
0.200363
0.193626
0.186847
0.180003
0.173086
0.166095
0.159043
0.151961
0.144880
0.137837
0.130863
0.123987
0.117235
0.177512
0.171054
0.164691
0.158380
0.152090
0.145804
0.139514
0.133220
0.126927
0.120647
0.114389
0.108171
0.102018
0.095957
0.140223
0.134408
0.128683
0.123020
0.117401
0.111814
0.106256
0.100727
0.095235
0.089786
0.084389
0.079056
0.073830
0.102073
0.097107
0.092244
0.087461
0.082739
0.078067
0.073444
0.068871
0.064356
0.059910
0.055545
0.051271
0.063676
0.059619
0.055665
0.051802
0.048025
0.044331
0.040722
0.037199
0.033767
0.030430
0.027194
0.024063
0.025965
0.023057
0.020258
0.017566
0.014977
0.012492
0.010108
0.007825
0.005643
0.003562
0.001585
-0.000286
-0.002049
-0.003703
-0.005248
-0.006689
-0.008021
-0.009238
-0.010336
-0.011311
-0.012166
-0.012899
-0.013509
-0.013992
-0.014348
-0.014577
-0.014682
-0.014674
-0.014576
-0.014401
-0.014166
-0.013880
-0.013553
-0.013194
-0.012807
-0.012397
-0.011968
-0.011522
-0.011063
-0.010593
-0.010114
-0.009625
-0.009130
-0.008628
-0.008120
-0.007609
-0.007096
-0.006582
-0.006069
-0.005559
-0.005053
-0.004563
-0.004091
-0.003640
