0.000000
-0.000354
-0.000354
-0.000354
-0.000354
-0.000354
-0.000354
-0.000354
-0.000339
-0.000349
-0.000344
-0.000352
-0.000453
-0.000472
-0.000561
-0.000662
-0.000755
-0.000832
-0.000891
-0.000933
-0.000959
-0.000973
-0.000979
-0.000979
-0.000974
-0.000968
-0.000961
-0.000953
-0.000945
-0.000936
-0.000926
-0.000915
-0.000903
-0.000888
-0.000872
-0.000854
-0.000833
-0.000811
-0.000787
-0.000761
-0.000734
-0.000706
-0.000676
-0.000646
-0.000615
-0.000583
-0.000551
-0.000519
-0.000487
-0.000455
-0.000423
-0.000392
-0.000361
-0.000331
-0.000301
-0.000273
-0.000245
-0.000218
-0.000192
-0.000168
-0.000145
-0.000123
-0.000103
-0.000084
-0.000067
-0.000051
-0.000037
-0.000024
-0.000013
-0.000003
0.000005
0.000012
0.000017
0.000021
0.000023
0.000024
0.000024
0.000022
0.000019
0.000016
0.000011
0.000005
-0.000002
-0.000010
-0.000019
-0.000028
-0.000038
-0.000049
-0.000060
-0.000071
-0.000083
-0.000095
-0.000107
-0.000120
-0.000132
-0.000145
-0.000157
-0.000170
-0.000182
-0.000194
-0.000206
-0.000218
-0.000229
-0.000240
-0.000251
-0.000261
-0.000271
-0.000280
-0.000288
-0.000297
-0.000304
-0.000311
-0.000318
-0.000324
-0.000329
-0.000334
-0.000338
-0.000341
-0.000344
-0.000346
-0.000348
-0.000349
-0.000350
-0.000350
-0.000350
-0.000349
-0.000347
-0.000345
-0.000343
-0.000340
-0.000336
-0.000333
-0.000328
-0.000324
-0.000319
-0.000314
-0.000308
-0.000302
0.011230
0.011238
0.011238
0.011222
0.011184
0.011121
0.011033
0.010920
0.010783
0.010624
0.010447
0.010253
0.010046
0.009828
0.009601
0.009366
0.009126
0.008880
0.008631
0.008378
0.008124
0.007867
0.007610
0.007352
0.007093
0.006836
0.006580
0.006325
0.006072
0.005822
0.005574
0.005330
0.005090
0.004854
0.004622
0.004394
0.004171
0.003954
0.003741
0.003534
0.003332
0.003136
0.002945
0.002761
0.002582
0.002409
0.002242
0.002081
0.001926
0.001777
0.001634
0.001497
0.001366
0.001241
0.001122
0.001008
0.000900
0.024304
0.024210
0.024096
0.023942
0.023732
0.023461
0.023125
0.022727
0.022272
0.021766
0.021217
0.020633
0.020020
0.019386
0.018736
0.018075
0.017405
0.016731
0.016055
0.015378
0.014703
0.014031
0.013364
0.012704
0.012050
0.011406
0.010771
0.010147
0.009536
0.008938
0.008353
0.007784
0.007230
0.006692
0.006170
0.005666
0.005179
0.004710
0.004259
0.003826
0.003412
0.003015
0.038856
0.038501
0.038117
0.037668
0.037129
0.036489
0.035744
0.034899
0.033964
0.032951
0.031875
0.030749
0.029586
0.028397
0.027193
0.025981
0.024768
0.023558
0.022357
0.021173
0.020010
0.018868
0.017749
0.016653
0.015580
0.014532
0.013504
0.012497
0.011513
0.010554
0.009624
0.008724
0.007856
0.007022
0.006222
0.055467
0.054745
0.053987
0.053139
0.052168
0.051060
0.049813
0.048436
0.046946
0.045363
0.043708
0.041992
0.040234
0.038437
0.036605
0.034738
0.032839
0.030920
0.028997
0.027085
0.025198
0.023348
0.021543
0.019785
0.018087
0.016454
0.014890
0.013395
0.011969
0.010610
0.009317
0.008089
0.006925
0.005824
0.069849
0.068882
0.067887
0.066793
0.065556
0.064154
0.062583
0.060852
0.058981
0.056993
0.054909
0.052754
0.050550
0.048317
0.046074
0.043836
0.041605
0.039381
0.037160
0.034941
0.032728
0.030530
0.028359
0.026227
0.024141
0.022111
0.020146
0.018251
0.016431
0.014687
0.013036
0.011478
0.010011
0.008631
0.088631
0.087427
0.086197
0.084856
0.083347
0.081642
0.079734
0.077634
0.075361
0.072940
0.070401
0.067774
0.065096
0.062381
0.059640
0.056877
0.054098
0.051307
0.048509
0.045715
0.042939
0.040192
0.037485
0.034830
0.032234
0.029705
0.027248
0.024868
0.022569
0.020358
0.018239
0.016217
0.014292
0.012482
0.010785
0.107370
0.105903
0.104422
0.102827
0.101050
0.099055
0.096832
0.094392
0.091754
0.088945
0.086009
0.082971
0.079851
0.076670
0.073441
0.070185
0.066911
0.063628
0.060347
0.057083
0.053849
0.050658
0.047517
0.044436
0.041421
0.038477
0.035607
0.032815
0.030102
0.027470
0.024923
0.022465
0.020102
0.017835
0.015685
0.013657
0.011752
0.009969
0.109969
0.117310
0.115787
0.114164
0.112373
0.110371
0.108143
0.105689
0.103034
0.100212
0.097275
0.094300
0.091393
0.088701
0.086434
0.084895
0.084415
0.060819
0.059105
0.056775
0.054121
0.051323
0.048482
0.045657
0.042883
0.040177
0.037552
0.035013
0.032564
0.030203
0.027931
0.025746
0.023650
0.021642
0.019737
0.017935
0.016228
0.014608
0.013068
0.113068
0.116749
0.115315
0.113736
0.111962
0.109963
0.107719
0.105224
0.102488
0.099531
0.096380
0.093063
0.089611
0.086060
0.082441
0.078787
0.075127
0.071487
0.067886
0.064341
0.060864
0.057466
0.054151
0.050926
0.047793
0.044756
0.041817
0.038977
0.036238
0.033605
0.031078
0.028658
0.026343
0.024152
0.022082
0.020125
0.018275
0.016524
0.014865
0.013293
0.011801
0.010388
0.109523
0.108273
0.106993
0.105605
0.104062
0.102320
0.100348
0.098137
0.095692
0.093034
0.090190
0.087189
0.084063
0.080845
0.077572
0.074282
0.070998
0.067737
0.064516
0.061345
0.058235
0.055189
0.052214
0.049313
0.046490
0.043747
0.041087
0.038511
0.036021
0.033617
0.031303
0.029094
0.026988
0.024984
0.023075
0.021256
0.019523
0.017871
0.016297
0.014799
0.013373
0.012018
0.010733
0.106393
0.105257
0.104096
0.102826
0.101384
0.099727
0.097835
0.095703
0.093342
0.090775
0.088029
0.085135
0.082134
0.079067
0.075970
0.072873
0.069794
0.066743
0.063731
0.060765
0.057849
0.054989
0.052187
0.049449
0.046777
0.044174
0.041643
0.039186
0.036806
0.034505
0.032284
0.030158
0.028127
0.026187
0.024335
0.022565
0.020875
0.019260
0.017717
0.016245
0.014841
0.013504
0.012232
0.011024
0.105936
0.104865
0.103759
0.102531
0.101121
0.099487
0.097611
0.095490
0.093138
0.090580
0.087851
0.084997
0.082058
0.079072
0.076068
0.073072
0.070097
0.067154
0.064247
0.061381
0.058560
0.055788
0.053067
0.050403
0.047798
0.045256
0.042780
0.040373
0.038038
0.035778
0.033607
0.031525
0.029530
0.027619
0.025787
0.024032
0.022350
0.020739
0.019197
0.017721
0.016312
0.014966
0.013684
0.012465
0.011307
0.108634
0.107588
0.106481
0.105233
0.103786
0.102102
0.100163
0.097970
0.095542
0.092918
0.090141
0.087256
0.084300
0.081307
0.078304
0.075308
0.072332
0.069382
0.066464
0.063583
0.060742
0.057946
0.055201
0.052509
0.049876
0.047305
0.044798
0.042359
0.039990
0.037691
0.035468
0.033333
0.031286
0.029327
0.027450
0.025652
0.023929
0.022279
0.020698
0.019184
0.017737
0.016353
0.015033
0.013774
0.012577
0.112577
0.114943
0.113785
0.112458
0.110905
0.109088
0.106990
0.104619
0.102011
0.099210
0.096260
0.093206
0.090089
0.086936
0.083774
0.080617
0.077477
0.074361
0.071274
0.068224
0.065215
0.062254
0.059345
0.056494
0.053704
0.050978
0.048320
0.045734
0.043220
0.040780
0.038417
0.036130
0.033935
0.031833
0.029822
0.027898
0.026058
0.024296
0.022610
0.020996
0.019452
0.017976
0.016567
0.116567
0.129366
0.128011
0.126485
0.124709
0.122629
0.120229
0.117526
0.114561
0.111384
0.108044
0.104595
0.101077
0.097522
0.093955
0.090392
0.086846
0.083326
0.079840
0.076396
0.073000
0.069658
0.066377
0.063160
0.060013
0.056939
0.053941
0.051023
0.048186
0.045433
0.042767
0.040192
0.037707
0.035314
0.033027
0.030847
0.028770
0.026791
0.024905
0.023106
0.021389
0.121389
0.148964
0.147335
0.145528
0.143463
0.141096
0.138398
0.135362
0.132003
0.128366
0.124510
0.120499
0.116384
0.112206
0.108001
0.103789
0.099591
0.095425
0.091304
0.087240
0.083243
0.079319
0.075473
0.071711
0.068035
0.064449
0.060956
0.057558
0.054259
0.051060
0.047963
0.044968
0.042076
0.039289
0.036605
0.034028
0.031578
0.029254
0.129254
0.167294
0.165205
0.162965
0.160485
0.157702
0.154578
0.151102
0.147288
0.143169
0.138802
0.134229
0.129505
0.124682
0.119804
0.114907
0.110025
0.105181
0.100396
0.095682
0.091052
0.086512
0.082070
0.077730
0.073497
0.069376
0.065369
0.061479
0.057710
0.054062
0.050538
0.047138
0.043863
0.040713
0.037688
0.034787
0.134787
0.175397
0.172799
0.170099
0.167197
0.164022
0.160529
0.156701
0.152547
0.148116
0.143441
0.138559
0.133515
0.128347
0.123093
0.117795
0.112495
0.107225
0.102009
0.096869
0.091821
0.086877
0.082046
0.077337
0.072754
0.068304
0.063989
0.059812
0.055777
0.051884
0.048135
0.044529
0.041068
0.037749
0.137749
0.173047
0.170074
0.167049
0.163878
0.160459
0.156742
0.152748
0.148442
0.143865
0.139047
0.134039
0.128879
0.123601
0.118236
0.112820
0.107392
0.101985
0.096631
0.091352
0.086170
0.081099
0.076153
0.071340
0.066670
0.062146
0.057775
0.053557
0.049496
0.045592
0.041846
0.038257
0.034826
0.134826
0.158381
0.155331
0.152249
0.149051
0.145671
0.142024
0.138080
0.133840
0.129351
0.124648
0.119782
0.114790
0.109706
0.104557
0.099369
0.094181
0.089025
0.083930
0.078921
0.074015
0.069229
0.064573
0.060058
0.055689
0.051471
0.047408
0.043502
0.039754
0.036165
0.032734
0.029467
0.129467
0.137539
0.134693
0.131817
0.128806
0.125594
0.122142
0.118432
0.114493
0.110328
0.105983
0.101508
0.096926
0.092275
0.087580
0.082869
0.078176
0.073529
0.068955
0.064472
0.060097
0.055842
0.051716
0.047728
0.043880
0.040185
0.036639
0.033248
0.030015
0.026938
0.024042
0.021324
0.115578
0.113204
0.110869
0.108462
0.105909
0.103169
0.100216
0.097044
0.093662
0.090090
0.086358
0.082499
0.078558
0.074566
0.070547
0.066533
0.062556
0.058631
0.054778
0.051013
0.047351
0.043800
0.040368
0.037061
0.033881
0.030831
0.027912
0.025146
0.022532
0.020070
0.017754
0.015574
0.013525
0.091757
0.089957
0.088165
0.086297
0.084295
0.082129
0.079786
0.077263
0.074568
0.071719
0.068736
0.065644
0.062469
0.059234
0.055972
0.052713
0.049487
0.046316
0.043219
0.040209
0.037297
0.034487
0.031782
0.029183
0.026692
0.024310
0.022034
0.019864
0.017799
0.015836
0.013973
0.012208
0.010539
0.008966
0.071679
0.070299
0.068923
0.067483
0.065931
0.064243
0.062411
0.060438
0.058328
0.056094
0.053750
0.051312
0.048799
0.046228
0.043622
0.041009
0.038418
0.035871
0.033385
0.030973
0.028642
0.026397
0.024240
0.022173
0.020195
0.018304
0.016500
0.014780
0.013142
0.011587
0.010112
0.008717
0.007401
0.006164
0.005003
0.051239
0.050233
0.049232
0.048183
0.047053
0.045821
0.044482
0.043039
0.041503
0.039883
0.038186
0.036421
0.034597
0.032722
0.030815
0.028899
0.026997
0.025125
0.023299
0.021530
0.019824
0.018185
0.016615
0.015114
0.013681
0.012315
0.011015
0.009778
0.008605
0.007493
0.006441
0.005450
0.004518
0.003643
0.002826
0.035553
0.034849
0.034149
0.033415
0.032622
0.031755
0.030810
0.029790
0.028703
0.027562
0.026372
0.025138
0.023859
0.022539
0.021192
0.019836
0.018486
0.017158
0.015862
0.014607
0.013399
0.012240
0.011132
0.010074
0.009067
0.008108
0.007198
0.006333
0.005515
0.004741
0.004011
0.003324
0.002679
0.002076
0.001513
0.023422
0.022940
0.022463
0.021963
0.021423
0.020833
0.020190
0.019497
0.018760
0.017987
0.017186
0.016357
0.015499
0.014612
0.013706
0.012793
0.011885
0.010992
0.010122
0.009281
0.008472
0.007698
0.006960
0.006257
0.005589
0.004956
0.004355
0.003787
0.003250
0.002744
0.002268
0.001822
0.001404
0.001014
0.000653
0.013394
0.013088
0.012785
0.012472
0.012137
0.011774
0.011382
0.010962
0.010518
0.010055
0.009577
0.009084
0.008571
0.008042
0.007505
0.006967
0.006435
0.005914
0.005410
0.004925
0.004461
0.004019
0.003599
0.003201
0.002824
0.002468
0.002132
0.001815
0.001517
0.001237
0.000976
0.000731
0.000504
0.000294
0.004729
0.004551
0.004380
0.004211
0.004038
0.003861
0.003677
0.003487
0.003293
0.003096
0.002898
0.002695
0.002489
0.002282
0.002078
0.001879
0.001686
0.001502
0.001326
0.001161
0.001005
0.000860
0.000724
0.000597
0.000480
0.000371
0.000269
0.000176
0.000090
0.000012
-0.000060
-0.000125
-0.000184
-0.003805
-0.003852
-0.003888
-0.003910
-0.003915
-0.003902
-0.003871
-0.003823
-0.003760
-0.003683
-0.003587
-0.003474
-0.003346
-0.003207
-0.003059
-0.002907
-0.002752
-0.002596
-0.002441
-0.002289
-0.002139
-0.001992
-0.001849
-0.001709
-0.001573
-0.001440
-0.001311
-0.001187
-0.001066
-0.000950
-0.000838
-0.000731
-0.012767
-0.012671
-0.012560
-0.012418
-0.012238
-0.012016
-0.011749
-0.011441
-0.011084
-0.010673
-0.010216
-0.009722
-0.009204
-0.008672
-0.008136
-0.007603
-0.007079
-0.006567
-0.006070
-0.005590
-0.005126
-0.004679
-0.004249
-0.003836
-0.003439
-0.003059
-0.002695
-0.002347
-0.002016
-0.001702
-0.021507
-0.021229
-0.020933
-0.020594
-0.020198
-0.019728
-0.019173
-0.018524
-0.017786
-0.016973
-0.016105
-0.015200
-0.014279
-0.013354
-0.012440
-0.011544
-0.010671
-0.009827
-0.009012
-0.008227
-0.007472
-0.006747
-0.006052
-0.005386
-0.004749
-0.004142
-0.003564
-0.003016
-0.024867
-0.024380
-0.023882
-0.023346
-0.022753
-0.022085
-0.021330
-0.020480
-0.019541
-0.018528
-0.017465
-0.016371
-0.015268
-0.014172
-0.013095
-0.012047
-0.011033
-0.010058
-0.009122
-0.008227
-0.007371
-0.006554
-0.005775
-0.005034
-0.004331
-0.003664
-0.003033
-0.025477
-0.024921
-0.024359
-0.023761
-0.023102
-0.022360
-0.021524
-0.020590
-0.019571
-0.018486
-0.017359
-0.016211
-0.015062
-0.013928
-0.012820
-0.011746
-0.010712
-0.009720
-0.008770
-0.007864
-0.006999
-0.006176
-0.005394
-0.004651
-0.003947
-0.003282
-0.026311
-0.025723
-0.025116
-0.024449
-0.023690
-0.022825
-0.021858
-0.020804
-0.019684
-0.018520
-0.017335
-0.016147
-0.014971
-0.013819
-0.012698
-0.011615
-0.010572
-0.009571
-0.008612
-0.007695
-0.006820
-0.005986
-0.005193
-0.004440
-0.027940
-0.027248
-0.026514
-0.025698
-0.024783
-0.023768
-0.022666
-0.021494
-0.020273
-0.019023
-0.017764
-0.016510
-0.015275
-0.014068
-0.012895
-0.011762
-0.010671
-0.009622
-0.008618
-0.007658
-0.006742
-0.005870
-0.005042
-0.004257
-0.028212
-0.027494
-0.026733
-0.025886
-0.024940
-0.023897
-0.022770
-0.021575
-0.020335
-0.019067
-0.017792
-0.016523
-0.015274
-0.014054
-0.012870
-0.011725
-0.010623
-0.009565
-0.008552
-0.007584
-0.006661
-0.005783
-0.004950
-0.029254
-0.028511
-0.027751
-0.026933
-0.026026
-0.025014
-0.023900
-0.022702
-0.021440
-0.020137
-0.018815
-0.017493
-0.016187
-0.014909
-0.013667
-0.012467
-0.011312
-0.010205
-0.009145
-0.008133
-0.007169
-0.006251
-0.030766
-0.029943
-0.029119
-0.028259
-0.027331
-0.026315
-0.025202
-0.023993
-0.022706
-0.021363
-0.019988
-0.018604
-0.017228
-0.015877
-0.014561
-0.013288
-0.012063
-0.010889
-0.009766
-0.008695
-0.007675
-0.006704
-0.031030
-0.030160
-0.029292
-0.028394
-0.027443
-0.026418
-0.025309
-0.024110
-0.022832
-0.021494
-0.020120
-0.018731
-0.017348
-0.015986
-0.014658
-0.013372
-0.012134
-0.010948
-0.009815
-0.008734
-0.007706
-0.006729
-0.029395
-0.028520
-0.027652
-0.026759
-0.025825
-0.024833
-0.023773
-0.022639
-0.021433
-0.020172
-0.018876
-0.017565
-0.016259
-0.014973
-0.013718
-0.012503
-0.011334
-0.010215
-0.009146
-0.008128
-0.007160
-0.027437
-0.026569
-0.025710
-0.024834
-0.023924
-0.022971
-0.021976
-0.020931
-0.019834
-0.018689
-0.017508
-0.016311
-0.015112
-0.013926
-0.012766
-0.011641
-0.010556
-0.009516
-0.008522
-0.007576
-0.006678
-0.024205
-0.023401
-0.022608
-0.021804
-0.020975
-0.020112
-0.019216
-0.018289
-0.017337
-0.016359
-0.015352
-0.014328
-0.013298
-0.012275
-0.011269
-0.010288
-0.009340
-0.008429
-0.007557
-0.006726
-0.005937
-0.005189
-0.019672
-0.019006
-0.018352
-0.017692
-0.017014
-0.016311
-0.015582
-0.014830
-0.014060
-0.013279
-0.012486
-0.011681
-0.010870
-0.010061
-0.009262
-0.008479
-0.007720
-0.006988
-0.006286
-0.005616
-0.004979
-0.004375
-0.015487
-0.014948
-0.014422
-0.013892
-0.013351
-0.012792
-0.012216
-0.011624
-0.011020
-0.010407
-0.009792
-0.009176
-0.008557
-0.007940
-0.007330
-0.006731
-0.006148
-0.005585
-0.005043
-0.004525
-0.004031
-0.003562
-0.003118
-0.010630
-0.010235
-0.009850
-0.009467
-0.009078
-0.008680
-0.008273
-0.007858
-0.007436
-0.007011
-0.006586
-0.006164
-0.005742
-0.005324
-0.004912
-0.004509
-0.004117
-0.003739
-0.003376
-0.003028
-0.002697
-0.002383
-0.002086
-0.005821
-0.005557
-0.005303
-0.005053
-0.004804
-0.004555
-0.004304
-0.004053
-0.003802
-0.003552
-0.003306
-0.003063
-0.002827
-0.002595
-0.002371
-0.002153
-0.001944
-0.001744
-0.001554
-0.001373
-0.001201
-0.001040
-0.000888
-0.000745
-0.020161
-0.020040
-0.019901
-0.019723
-0.019494
-0.019206
-0.018859
-0.018456
-0.018003
-0.017506
-0.016974
-0.030081
-0.029505
-0.028899
-0.028254
-0.027566
-0.026834
-0.026060
-0.025249
-0.024405
-0.023536
-0.022648
-0.021749
-0.047785
-0.046883
-0.045953
-0.044972
-0.043926
-0.042808
-0.041616
-0.040354
-0.039032
-0.037659
-0.036248
-0.034811
-0.033358
-0.071744
-0.070301
-0.068830
-0.067302
-0.065699
-0.064011
-0.062236
-0.060381
-0.058455
-0.056471
-0.054440
-0.052376
-0.050300
-0.048212
-0.098008
-0.095903
-0.093757
-0.091543
-0.089246
-0.086858
-0.084381
-0.081820
-0.079184
-0.076482
-0.073718
-0.070898
-0.068027
-0.065112
-0.062161
-0.121815
-0.118824
-0.115779
-0.112657
-0.109444
-0.106137
-0.102737
-0.099243
-0.095661
-0.091997
-0.088265
-0.084486
-0.080681
-0.076873
-0.073081
-0.069321
-0.137079
-0.133429
-0.129785
-0.126107
-0.122361
-0.118527
-0.114593
-0.110559
-0.106431
-0.102227
-0.097971
-0.093686
-0.089397
-0.085123
-0.080885
-0.076699
-0.072580
-0.068538
-0.142429
-0.138552
-0.134682
-0.130765
-0.126768
-0.122671
-0.118466
-0.114164
-0.109785
-0.105349
-0.100880
-0.096401
-0.091934
-0.087498
-0.083110
-0.078786
-0.074539
-0.070378
-0.066313
-0.142327
-0.138452
-0.134576
-0.130628
-0.126565
-0.122377
-0.118068
-0.113656
-0.109164
-0.104618
-0.100046
-0.095474
-0.090929
-0.086429
-0.081995
-0.077640
-0.073377
-0.069236
-0.065229
-0.136392
-0.132640
-0.128920
-0.125160
-0.121309
-0.117323
-0.113195
-0.108922
-0.104540
-0.100087
-0.095602
-0.091120
-0.086674
-0.082274
-0.077957
-0.073724
-0.069600
-0.065599
-0.061727
-0.057986
-0.054376
-0.119988
-0.116637
-0.113333
-0.110007
-0.106604
-0.103087
-0.099440
-0.095662
-0.091761
-0.087776
-0.083742
-0.079697
-0.075674
-0.071703
-0.067807
-0.064003
-0.060303
-0.056714
-0.053241
-0.049885
-0.110458
-0.107338
-0.104259
-0.101160
-0.097996
-0.094740
-0.091375
-0.087908
-0.084332
-0.080669
-0.076940
-0.073177
-0.069413
-0.065679
-0.062001
-0.058401
-0.054893
-0.051490
-0.048196
-0.045017
-0.041953
-0.098173
-0.095337
-0.092545
-0.089733
-0.086862
-0.083906
-0.080857
-0.077714
-0.074494
-0.071194
-0.067835
-0.064434
-0.061019
-0.057619
-0.054259
-0.050962
-0.047746
-0.044623
-0.041601
-0.038687
-0.035883
-0.088292
-0.085710
-0.083169
-0.080608
-0.077989
-0.075288
-0.072498
-0.069621
-0.066671
-0.063665
-0.060606
-0.057510
-0.054393
-0.051278
-0.048189
-0.045149
-0.042177
-0.039286
-0.036489
-0.033790
-0.031196
-0.080257
-0.077875
-0.075531
-0.073167
-0.070746
-0.068245
-0.065658
-0.062987
-0.060245
-0.057459
-0.054640
-0.051797
-0.048934
-0.046065
-0.043209
-0.040387
-0.037619
-0.034921
-0.032305
-0.029780
-0.075790
-0.073461
-0.071169
-0.068865
-0.066507
-0.064071
-0.061562
-0.058973
-0.056322
-0.053627
-0.050904
-0.048164
-0.045419
-0.042667
-0.039923
-0.037208
-0.034539
-0.031932
-0.029401
-0.026957
-0.024607
-0.066133
-0.063982
-0.061871
-0.059754
-0.057591
-0.055361
-0.053066
-0.050701
-0.048275
-0.045804
-0.043295
-0.040755
-0.038199
-0.035650
-0.033128
-0.030655
-0.028246
-0.025914
-0.023669
-0.021516
-0.052233
-0.050271
-0.048352
-0.046437
-0.044499
-0.042524
-0.040500
-0.038422
-0.036288
-0.034110
-0.031911
-0.029713
-0.027542
-0.025415
-0.023350
-0.021356
-0.019443
-0.017612
-0.015867
-0.014207
-0.034566
-0.033072
-0.031620
-0.030184
-0.028740
-0.027268
-0.025753
-0.024203
-0.022631
-0.021053
-0.019486
-0.017946
-0.016447
-0.014998
-0.013606
-0.012276
-0.011008
-0.009805
-0.008665
-0.007587
-0.019063
-0.018102
-0.017162
-0.016225
-0.015281
-0.014329
-0.013372
-0.012418
-0.011472
-0.010544
-0.009639
-0.008763
-0.007921
-0.007115
-0.006348
-0.005620
-0.004931
-0.004282
-0.003670
-0.003096
-0.006299
-0.005796
-0.005317
-0.004855
-0.004408
-0.003975
-0.003556
-0.003153
-0.002766
-0.002397
-0.002048
-0.001718
-0.001409
-0.001121
-0.000854
-0.000607
-0.000380
-0.000172
0.000018
0.000190
0.005305
0.005446
0.005565
0.005658
0.005723
0.005749
0.005737
0.005688
0.005607
0.005498
0.005367
0.005218
0.005055
0.004882
0.004701
0.004515
0.004324
0.004131
0.003936
0.017998
0.017804
0.017590
0.017343
0.017053
0.016716
0.016333
0.015900
0.015412
0.014871
0.014286
0.013667
0.013027
0.012374
0.011717
0.011062
0.010416
0.009780
0.009158
0.008551
0.032885
0.032314
0.031726
0.031095
0.030405
0.029649
0.028825
0.027938
0.026996
0.026006
0.024967
0.023878
0.022750
0.021596
0.020431
0.019266
0.018111
0.016976
0.015865
0.051082
0.050037
0.048978
0.047868
0.046684
0.045415
0.044058
0.042620
0.041111
0.039545
0.037937
0.036302
0.034651
0.032985
0.031304
0.029616
0.027934
0.026268
0.024627
0.066150
0.064588
0.063018
0.061400
0.059707
0.057937
0.056078
0.054138
0.052134
0.050082
0.047988
0.045871
0.043747
0.041626
0.039516
0.037414
0.035322
0.033247
0.031208
0.078594
0.076660
0.074728
0.072753
0.070708
0.068578
0.066370
0.064083
0.061727
0.059318
0.056877
0.054413
0.051946
0.049476
0.047007
0.044546
0.042105
0.039706
0.037360
0.091836
0.089627
0.087427
0.085187
0.082874
0.080473
0.077979
0.075400
0.072757
0.070060
0.067327
0.064565
0.061775
0.058968
0.056158
0.053359
0.050586
0.047852
0.110602
0.108014
0.105437
0.102825
0.100138
0.097364
0.094489
0.091530
0.088492
0.085383
0.082210
0.078981
0.075711
0.072419
0.069125
0.065848
0.062605
0.059410
0.056277
0.128684
0.125702
0.122735
0.119736
0.116674
0.113531
0.110300
0.106968
0.103533
0.100000
0.096383
0.092697
0.088968
0.085222
0.081483
0.077770
0.074099
0.070485
0.153830
0.150363
0.146908
0.143416
0.139850
0.136180
0.132383
0.128457
0.124413
0.120257
0.116014
0.111712
0.107377
0.103034
0.098705
0.094409
0.090161
0.085974
0.181334
0.177296
0.173252
0.169143
0.164926
0.160578
0.156089
0.151458
0.146697
0.141829
0.136882
0.131884
0.126861
0.121839
0.116840
0.111883
0.106985
0.206985
0.207325
0.202524
0.197608
0.192525
0.187259
0.181817
0.176218
0.170491
0.164665
0.158773
0.152845
0.146910
0.140995
0.135121
0.129310
0.229310
0.224668
0.219018
0.213301
0.207471
0.201498
0.195370
0.189084
0.182648
0.176079
0.169406
0.162669
0.155907
0.149157
0.142454
0.135826
0.225697
0.219280
0.212898
0.206491
0.200017
0.193448
0.186771
0.179985
0.173096
0.166121
0.159095
0.152053
0.145035
0.138074
0.213863
0.207092
0.200363
0.193625
0.186846
0.180002
0.173085
0.166094
0.159042
0.151960
0.144879
0.137836
0.130862
0.123986
0.117234
0.177511
0.171053
0.164690
0.158379
0.152089
0.145803
0.139513
0.133219
0.126926
0.120646
0.114388
0.108170
0.102017
0.095957
0.140222
0.134407
0.128682
0.123019
0.117400
0.111813
0.106255
0.100727
0.095234
0.089785
0.084388
0.079055
0.073829
0.102072
0.097106
0.092243
0.087460
0.082738
0.078067
0.073443
0.068870
0.064355
0.059909
0.055544
0.051270
0.063675
0.059619
0.055664
0.051801
0.048024
0.044330
0.040721
0.037198
0.033766
0.030429
0.027193
0.024062
0.025964
0.023056
0.020257
0.017565
0.014977
0.012491
0.010107
0.007824
0.005642
0.003561
0.001584
-0.000287
-0.002050
-0.003704
-0.005249
-0.006690
-0.008022
-0.009239
-0.010337
-0.011312
-0.012167
-0.012900
-0.013510
-0.013993
-0.014349
-0.014579
-0.014683
-0.014675
-0.014577
-0.014402
-0.014167
-0.013881
-0.013554
-0.013195
-0.012808
-0.012398
-0.011969
-0.011523
-0.011064
-0.010595
-0.010115
-0.009627
-0.009131
-0.008629
-0.008121
-0.007610
-0.007097
-0.006583
-0.006070
-0.005560
-0.005054
-0.004564
-0.004092
-0.003641
-0.003211
-0.002802
-0.002413
-0.002045
-0.001696
-0.001365
-0.001052
-0.000757
-0.000480
-0.000220
0.000023
0.000248
0.000456
0.000648
0.000822
0.000980
0.001123
0.001249
0.001361
0.001458
0.001541
0.001611
0.001668
0.001714
0.001748
0.001772
0.001787
0.001791
0.001788
0.001776
0.001756
0.001729
0.001694
0.001653
0.001606
0.001554
0.001497
0.001437
0.001373
0.001307
0.001239
0.001170
0.001099
0.001027
0.000956
0.000884
0.000813
0.000742
0.000673
0.000604
0.000537
0.000472
0.000409
0.000348
0.000289
0.000233
0.000179
0.000128
0.000079
0.000032
-0.000013
-0.000055
-0.000095
-0.000132
-0.000166
-0.000196
-0.000223
-0.000247
-0.000268
-0.000286
-0.000301
-0.000313
-0.000323
-0.000331
-0.000336
-0.000340
-0.000341
-0.000341
-0.000339
-0.000335
-0.000330
-0.000323
-0.000315
-0.000306
-0.000296
-0.000285
-0.000273
-0.000261
-0.000248
-0.000234
-0.000221
-0.000206
-0.000192
-0.000178
-0.000163
-0.000148
-0.000134
-0.000120
-0.000106
-0.000093
-0.000080
-0.000067
-0.000055
-0.000043
-0.000032
-0.000021
-0.000011
-0.000001
0.000008
0.000016
0.000024
0.000031
0.000037
0.000043
0.000049
0.000054
0.000058
0.000062
0.000065
0.000067
0.000070
0.000071
0.000072
0.000073
0.000073
0.000073
0.000072
0.000072
0.000070
0.000069
0.000067
0.000065
0.000063
0.000060
0.000058
0.000055
0.000052
0.000050
0.000047
0.000044
0.000041
0.000038
0.000035
0.000032
0.000029
0.000026
0.000023
0.000020
0.000017
0.000015
0.000012
0.000010
0.000007
0.000005
0.000003
0.000001
-0.000001
-0.000002
-0.000004
-0.000006
-0.000007
-0.000008
-0.000009
-0.000010
-0.000011
-0.000012
-0.000012
-0.000013
-0.000013
-0.000014
-0.000014
-0.000014
-0.000014
-0.000014
-0.000014
-0.000014
-0.000013
-0.000013
-0.000013
-0.000012
-0.000012
-0.000011
-0.000011
-0.000010
-0.000010
-0.000204
-0.000203
-0.000202
-0.000199
-0.000196
-0.000192
-0.000187
-0.000181
-0.000175
-0.000168
-0.000161
-0.000153
-0.000146
-0.000138
-0.000130
-0.000123
-0.000115
-0.000108
-0.000101
-0.000094
-0.000087
-0.000080
-0.000074
-0.000067
-0.000061
-0.000055
-0.000050
-0.000044
-0.000039
-0.000034
-0.000029
-0.000025
0.099975
0.125809
0.125615
0.125064
0.124043
0.122483
0.120399
0.117841
0.114861
0.111524
0.107878
0.103968
0.099836
0.095525
0.097631
0.093082
0.088462
0.083796
0.079108
0.074418
0.069748
0.065124
0.060573
0.056119
0.051787
0.047589
0.043535
0.039630
0.035877
0.049875
0.046428
0.043108
0.039897
0.036782
0.033756
0.030813
0.027951
0.025172
0.022477
0.019880
0.017393
0.015021
0.012767
0.010630
0.035299
0.033394
0.031568
0.029796
0.028060
0.026348
0.024654
0.022976
0.021313
0.019669
0.018046
0.016448
0.014887
0.013365
0.011893
0.010476
0.045197
0.043901
0.042612
0.041296
0.039931
0.038510
0.037032
0.035503
0.033935
0.032341
0.030736
0.029134
0.027549
0.025991
0.024468
0.022977
0.067279
0.065845
0.064386
0.062861
0.061248
0.059534
0.057721
0.055818
0.053838
0.051798
0.049717
0.047611
0.045495
0.043383
0.041286
0.039212
0.037167
0.035154
0.088841
0.086891
0.084920
0.082887
0.080766
0.078543
0.076220
0.073802
0.071308
0.068753
0.066150
0.063512
0.060855
0.058189
0.055527
0.052880
0.050256
0.047664
0.110704
0.108196
0.105679
0.103114
0.100476
0.097752
0.094939
0.092040
0.089066
0.086027
0.082938
0.079815
0.076673
0.073526
0.070388
0.067271
0.064186
0.061142
0.058142
0.055184
0.052269
0.122073
0.119264
0.116457
0.113614
0.110711
0.107728
0.104657
0.101493
0.098225
0.094867
0.091424
0.087918
0.084377
0.080822
0.077278
0.073763
0.070294
0.066885
0.063560
0.060329
0.057194
0.054156
0.121122
0.118286
0.115480
0.112651
0.109761
0.106784
0.103704
0.100514
0.097220
0.093836
0.090391
0.086913
0.083431
0.079969
0.076547
0.073180
0.069879
0.066652
0.063503
0.060436
0.057451
0.054550
0.051733
0.115560
0.112921
0.110309
0.107676
0.104991
0.102229
0.099375
0.096424
0.093378
0.090252
0.087071
0.083861
0.080649
0.077454
0.074295
0.071185
0.068134
0.065149
0.062233
0.059390
0.056620
0.053925
0.051304
0.114043
0.111581
0.109141
0.106677
0.104160
0.101574
0.098913
0.096170
0.093346
0.090444
0.087482
0.084483
0.081471
0.078464
0.075482
0.072537
0.069641
0.066800
0.064020
0.061303
0.058652
0.056067
0.053548
0.051097
0.114951
0.112644
0.110354
0.108037
0.105665
0.103216
0.100674
0.098034
0.095295
0.092475
0.089596
0.086682
0.083755
0.080836
0.077941
0.075081
0.072265
0.069501
0.066791
0.064139
0.061545
0.059011
0.056538
0.054125
0.051774
0.119304
0.117063
0.114793
0.112437
0.109962
0.107362
0.104644
0.101825
0.098927
0.095973
0.092986
0.089987
0.086991
0.084014
0.081067
0.078157
0.075290
0.072472
0.069705
0.066991
0.064333
0.061731
0.059188
0.133483
0.131068
0.128646
0.126150
0.123532
0.120761
0.117825
0.114723
0.111479
0.108126
0.104700
0.101236
0.097763
0.094305
0.090879
0.087498
0.084173
0.080908
0.077708
0.074575
0.071509
0.068514
0.154065
0.151215
0.148362
0.145447
0.142404
0.139206
0.135822
0.132260
0.128529
0.124643
0.120640
0.116555
0.112421
0.108271
0.104130
0.100020
0.095959
0.091960
0.088032
0.187619
0.183828
0.180007
0.176086
0.172015
0.167764
0.163326
0.158708
0.153938
0.149044
0.144061
0.139019
0.133948
0.128873
0.123819
0.118802
0.113842
0.213473
0.208650
0.203815
0.198902
0.193866
0.188681
0.183333
0.177819
0.172147
0.166335
0.160415
0.154423
0.148395
0.142365
0.136363
0.224636
0.218754
0.212872
0.206941
0.200927
0.194813
0.188586
0.182243
0.175791
0.169238
0.162601
0.155904
0.149180
0.218579
0.211898
0.205206
0.198474
0.191682
0.184819
0.177880
0.170869
0.163793
0.156675
0.149549
0.142448
0.135406
0.180550
0.173701
0.166922
0.160188
0.153481
0.146788
0.140101
0.133430
0.126797
0.120225
0.113737
0.107358
0.101107
0.119630
0.113677
0.107856
0.102150
0.096545
0.091041
0.085645
0.080366
0.075214
0.070200
0.065332
0.060620
0.051961
0.047570
0.043380
0.039406
0.035657
0.032119
0.028776
0.025611
0.022609
0.019758
0.017056
0.014499
0.012087
-0.022352
-0.024486
-0.026445
-0.028201
-0.029735
-0.031040
-0.032120
-0.032984
-0.033644
-0.034114
-0.034409
-0.034544
-0.034534
-0.085026
-0.084762
-0.084331
-0.083701
-0.082853
-0.081774
-0.080463
-0.078932
-0.077202
-0.075298
-0.073244
-0.071065
-0.068784
-0.106589
-0.104162
-0.101644
-0.099019
-0.096272
-0.093392
-0.090379
-0.087240
-0.083995
-0.080667
-0.077278
-0.073851
-0.070408
-0.090673
-0.087244
-0.083814
-0.080371
-0.076911
-0.073434
-0.069939
-0.066433
-0.062930
-0.059444
-0.055991
-0.052584
-0.049235
-0.054480
-0.051275
-0.048136
-0.045059
-0.042040
-0.039078
-0.036172
-0.033331
-0.030568
-0.027893
-0.025311
-0.022828
-0.014868
-0.012586
-0.010404
-0.008345
-0.006411
-0.004599
-0.002909
-0.001338
0.000106
0.001419
0.002613
0.003701
0.004693
0.024474
0.025289
0.026000
0.026597
0.027079
0.027446
0.027700
0.027838
0.027855
0.027746
0.027517
0.058774
0.058334
0.057768
0.057063
0.056213
0.055219
0.054079
0.052793
0.051364
0.049798
0.048112
0.046329
0.088328
0.086402
0.084378
0.082232
0.079953
0.077529
0.074957
0.072240
0.069384
0.066411
0.063346
0.112367
0.109192
0.105927
0.102540
0.099012
0.095334
0.091505
0.087534
0.083443
0.079263
0.075027
0.117010
0.112742
0.108425
0.104033
0.099548
0.094965
0.090290
0.085543
0.080754
0.075952
0.071164
0.104413
0.099724
0.095053
0.090375
0.085673
0.080940
0.076189
0.071440
0.066716
0.062038
0.057430
0.083620
0.079200
0.074848
0.070544
0.066274
0.062029
0.057807
0.053623
0.049492
0.045432
0.041460
0.061677
0.057919
0.054246
0.050641
0.047091
0.043593
0.040144
0.036747
0.033412
0.030153
0.026983
0.041774
0.038810
0.035931
0.033152
0.030464
0.027855
0.025316
0.022842
0.020432
0.018087
0.027569
0.025369
0.023230
0.021146
0.019113
0.017129
0.015198
0.013322
0.011506
0.009754
0.013531
0.011920
0.010376
0.008895
0.007475
0.006114
0.004811
0.003568
0.002391
0.001381
0.000366
-0.000569
-0.001428
-0.002201
-0.002881
-0.003463
-0.003953
-0.004076
-0.004410
-0.004679
-0.004894
-0.005060
-0.005184
-0.005270
-0.005322
-0.003259
-0.003249
-0.003214
-0.003163
-0.003099
-0.003025
-0.002942
-0.002852
0.001147
0.001253
0.001360
0.001464
0.001554
0.001625
0.001679
0.007278
0.007294
0.007277
0.007223
0.007133
0.007009
0.006855
0.006676
0.013394
0.013180
0.012943
0.012676
0.012371
0.012022
0.011632
0.011207
0.018619
0.018143
0.017639
0.017102
0.016531
0.015928
0.015297
0.014640
0.022341
0.021650
0.020936
0.020195
0.019423
0.018623
0.017798
0.016951
0.016089
0.021426
0.020549
0.019663
0.018767
0.017859
0.016941
0.016016
0.015087
0.014159
0.013235
0.007922
0.007018
0.006136
0.005283
0.004466
0.003687
0.002948
0.002250
0.001592
0.000973
0.000391
-0.016102
-0.016616
-0.017077
-0.017467
-0.017779
-0.018007
-0.018152
-0.018217
-0.018208
-0.018133
-0.018000
-0.017815
-0.044781
-0.044520
-0.044192
-0.043774
-0.043251
-0.042618
-0.041877
-0.041036
-0.040107
-0.039105
-0.038046
-0.036939
-0.035794
-0.073668
-0.072471
-0.071221
-0.069895
-0.068477
-0.066959
-0.065341
-0.063626
-0.061822
-0.059940
-0.057991
-0.055989
-0.053946
-0.104190
-0.102104
-0.099957
-0.097720
-0.095377
-0.092922
-0.090355
-0.087686
-0.084924
-0.082086
-0.079187
-0.076243
-0.073271
-0.070286
-0.067302
-0.132079
-0.129137
-0.126164
-0.123121
-0.119985
-0.116745
-0.113400
-0.109956
-0.106425
-0.102822
-0.099166
-0.095474
-0.091765
-0.088056
-0.084362
-0.080699
-0.162976
-0.159411
-0.155830
-0.152184
-0.148442
-0.144579
-0.140583
-0.136452
-0.132191
-0.127811
-0.123328
-0.118759
-0.114125
-0.109444
-0.104734
-0.100013
-0.196944
-0.192232
-0.187432
-0.182484
-0.177355
-0.172036
-0.166528
-0.160845
-0.155008
-0.149048
-0.143002
-0.136908
-0.130801
-0.124711
-0.118668
-0.112696
-0.106814
-0.198561
-0.192884
-0.187205
-0.181448
-0.175560
-0.169531
-0.163372
-0.157104
-0.150754
-0.144354
-0.137936
-0.131532
-0.125168
-0.118871
-0.112664
-0.106564
-0.100588
-0.180189
-0.174473
-0.168790
-0.163079
-0.157298
-0.151426
-0.145466
-0.139433
-0.133354
-0.127257
-0.121169
-0.115119
-0.109133
-0.103234
-0.097440
-0.091769
-0.157752
-0.152348
-0.147006
-0.141673
-0.136312
-0.130900
-0.125425
-0.119898
-0.114340
-0.108777
-0.103235
-0.097739
-0.092315
-0.086983
-0.081760
-0.076663
-0.128603
-0.123783
-0.119084
-0.114463
-0.109877
-0.105286
-0.100656
-0.095974
-0.091251
-0.086516
-0.081802
-0.077143
-0.072569
-0.068106
-0.063773
-0.101843
-0.097806
-0.093866
-0.089980
-0.086115
-0.082250
-0.078377
-0.074491
-0.070590
-0.066690
-0.062814
-0.058990
-0.055242
-0.051592
-0.048058
-0.072550
-0.069274
-0.066093
-0.062975
-0.059897
-0.056845
-0.053809
-0.050790
-0.047792
-0.044822
-0.041891
-0.039015
-0.036209
-0.033489
-0.045880
-0.043359
-0.040922
-0.038552
-0.036236
-0.033965
-0.031734
-0.029542
-0.027389
-0.025280
-0.023220
-0.021212
-0.019271
-0.017412
-0.096337
-0.094669
-0.092995
-0.091238
-0.089342
-0.087272
-0.085012
-0.082563
-0.079941
-0.077172
-0.074289
-0.071321
-0.068280
-0.065178
-0.062030
-0.058842
-0.055624
-0.052388
-0.049157
-0.045954
-0.042800
-0.039713
-0.036706
-0.033788
-0.026492
-0.023763
-0.021130
-0.018595
-0.016159
-0.013824
-0.011588
-0.009453
-0.007416
-0.005476
-0.003648
-0.001928
-0.000315
0.001199
0.002606
0.003886
0.005027
0.006025
0.006878
0.007596
0.008195
0.008689
0.009094
0.018634
0.018898
0.019093
0.019215
0.019264
0.019239
0.019144
0.018980
0.018750
0.018460
0.018111
0.017711
0.017265
0.016777
0.016253
0.015688
0.015088
0.014457
0.013802
0.013131
0.012448
0.025413
0.024719
0.024003
0.023252
0.022461
0.021626
0.020749
0.019832
0.018879
0.017897
0.016902
0.015901
0.014899
0.013895
0.012893
0.011900
0.010922
0.009963
0.009031
0.008127
0.025150
0.024313
0.023480
0.022632
0.021755
0.020843
0.019894
0.018912
0.017902
0.016872
0.015828
0.014768
0.013699
0.012632
0.011578
0.010548
0.009548
0.008587
0.007668
0.006793
0.027834
0.027051
0.026276
0.025481
0.024647
0.023766
0.022836
0.021855
0.020821
0.019732
0.018597
0.017432
0.016255
0.015082
0.013927
0.012801
0.011712
0.010666
0.009665
0.034225
0.033318
0.032412
0.031473
0.030477
0.029400
0.028231
0.026963
0.025613
0.024200
0.022749
0.021283
0.019822
0.018382
0.016975
0.015610
0.014292
0.013024
0.011808
0.039411
0.038288
0.037145
0.035932
0.034622
0.033201
0.031676
0.030068
0.028401
0.026696
0.024978
0.023265
0.021573
0.019917
0.018304
0.016742
0.015235
0.013787
0.012398
0.042640
0.041347
0.040012
0.038586
0.037055
0.035417
0.033686
0.031884
0.030035
0.028161
0.026284
0.024421
0.022589
0.020799
0.019059
0.017376
0.015755
0.014197
0.012705
0.011278
0.043805
0.042513
0.041220
0.039872
0.038434
0.036885
0.035220
0.033452
0.031607
0.029712
0.027795
0.025881
0.023990
0.022138
0.020337
0.018596
0.016919
0.015310
0.013769
0.012296
0.046580
0.045247
0.043921
0.042558
0.041133
0.039627
0.038027
0.036330
0.034539
0.032666
0.030735
0.028775
0.026811
0.024867
0.022960
0.021106
0.019312
0.017585
0.015929
0.014344
0.012832
0.048351
0.046983
0.045624
0.044228
0.042770
0.041234
0.039620
0.037934
0.036184
0.034375
0.032514
0.030607
0.028673
0.026734
0.024810
0.022919
0.021075
0.019288
0.017567
0.015914
0.014333
0.012824
0.049574
0.048213
0.046861
0.045474
0.044022
0.042494
0.040885
0.039202
0.037458
0.035668
0.033848
0.032003
0.030138
0.028256
0.026373
0.024505
0.022668
0.020874
0.019133
0.017452
0.015837
0.014291
0.012814
0.011408
0.051428
0.050165
0.048908
0.047609
0.046238
0.044781
0.043235
0.041605
0.039905
0.038151
0.036359
0.034544
0.032708
0.030856
0.028991
0.027126
0.025277
0.023458
0.021681
0.019955
0.018287
0.016682
0.015143
0.013672
0.012268
0.010931
0.055510
0.054311
0.053111
0.051860
0.050525
0.049091
0.047555
0.045923
0.044208
0.042428
0.040601
0.038745
0.036878
0.035014
0.033155
0.031299
0.029443
0.027594
0.025764
0.023963
0.022201
0.020488
0.018831
0.017234
0.015702
0.014234
0.012833
0.062859
0.061596
0.060330
0.059006
0.057588
0.056061
0.054420
0.052671
0.050829
0.048912
0.046940
0.044933
0.042907
0.040878
0.038857
0.036846
0.034846
0.032855
0.030877
0.028921
0.026999
0.025119
0.023291
0.021520
0.019811
0.018167
0.016590
0.015082
0.013642
0.070284
0.068987
0.067683
0.066316
0.064847
0.063257
0.061542
0.059710
0.057773
0.055753
0.053662
0.051510
0.049305
0.047056
0.044770
0.042467
0.040167
0.037888
0.035645
0.033451
0.031314
0.029240
0.027233
0.025294
0.023425
0.021626
0.019896
0.018236
0.016646
0.015124
0.013671
0.012286
0.076905
0.075664
0.074411
0.073086
0.071646
0.070064
0.068325
0.066423
0.064365
0.062164
0.059838
0.057409
0.054909
0.052372
0.049826
0.047294
0.044795
0.042342
0.039943
0.037606
0.035332
0.033124
0.030983
0.028909
0.026904
0.024968
0.023099
0.021300
0.019570
0.017909
0.016319
0.014799
0.088570
0.087201
0.085815
0.084330
0.082689
0.080859
0.078826
0.076591
0.074170
0.071583
0.068865
0.066057
0.063196
0.060316
0.057445
0.054601
0.051792
0.049024
0.046307
0.043645
0.041040
0.038497
0.036022
0.033616
0.031284
0.029042
0.026891
0.024833
0.022864
0.020983
0.019185
0.017469
0.015832
0.100125
0.098630
0.097080
0.095386
0.093491
0.091366
0.089003
0.086411
0.083615
0.080656
0.077578
0.074423
0.071231
0.068032
0.064849
0.061693
0.058574
0.055500
0.052478
0.049513
0.046611
0.043778
0.041017
0.038332
0.035726
0.033203
0.030764
0.028412
0.026165
0.024026
0.021991
0.020056
0.018219
0.016474
0.112437
0.110856
0.109204
0.107367
0.105273
0.102893
0.100223
0.097287
0.094129
0.090800
0.087350
0.083829
0.080274
0.076713
0.073164
0.069641
0.066157
0.062722
0.059345
0.056032
0.052787
0.049615
0.046519
0.043503
0.040573
0.037734
0.034991
0.032347
0.029804
0.027363
0.025023
0.022802
0.020702
0.120702
0.126795
0.124857
0.122738
0.120345
0.117626
0.114570
0.111209
0.107603
0.103812
0.099892
0.095888
0.091837
0.087769
0.083708
0.079674
0.075679
0.071734
0.067849
0.064032
0.060293
0.056636
0.053069
0.049597
0.046225
0.042956
0.039794
0.036741
0.033801
0.030974
0.028261
0.025668
0.023197
0.123197
0.140522
0.138292
0.135901
0.133241
0.130254
0.126921
0.123258
0.119312
0.115140
0.110803
0.106354
0.101838
0.097291
0.092741
0.088211
0.083720
0.079284
0.074918
0.070630
0.066431
0.062329
0.058331
0.054443
0.050669
0.047014
0.043481
0.040074
0.036794
0.033643
0.030622
0.027731
0.024971
0.124971
0.151744
0.149246
0.146608
0.143709
0.140483
0.136906
0.133002
0.128810
0.124364
0.119719
0.114926
0.110034
0.105084
0.100111
0.095148
0.090219
0.085346
0.080547
0.075835
0.071223
0.066719
0.062332
0.058069
0.053936
0.049936
0.046074
0.042352
0.038774
0.035339
0.032049
0.028905
0.025906
0.125906
0.154839
0.152113
0.149260
0.146189
0.142841
0.139157
0.135150
0.130841
0.126278
0.121499
0.116548
0.111474
0.106325
0.101144
0.095967
0.090824
0.085740
0.080735
0.075826
0.071025
0.066344
0.061791
0.057373
0.053096
0.048964
0.044980
0.041148
0.037469
0.033945
0.030576
0.027361
0.024301
0.124301
0.137066
0.134323
0.131499
0.128513
0.125281
0.121768
0.117969
0.113917
0.109644
0.105191
0.100590
0.095882
0.091115
0.086332
0.081570
0.076859
0.072221
0.067674
0.063234
0.058910
0.054710
0.050641
0.046706
0.042911
0.039256
0.035746
0.032379
0.029166
0.026106
0.023202
0.020475
0.017925
0.015545
0.112668
0.110611
0.108568
0.106431
0.104126
0.101600
0.098824
0.095793
0.092517
0.089026
0.085357
0.081548
0.077641
0.073688
0.069733
0.065809
0.061942
0.058144
0.054427
0.050800
0.047273
0.043851
0.040540
0.037343
0.034263
0.031302
0.028461
0.025762
0.023204
0.020786
0.018505
0.016356
0.014330
0.012422
0.093151
0.091473
0.089797
0.088035
0.086130
0.084040
0.081741
0.079232
0.076525
0.073641
0.070608
0.067454
0.064211
0.060916
0.057607
0.054314
0.051063
0.047872
0.044754
0.041709
0.038743
0.035861
0.033070
0.030372
0.027771
0.025287
0.022923
0.020678
0.018551
0.016538
0.014636
0.012838
0.011140
0.009539
0.008033
0.074897
0.073579
0.072259
0.070865
0.069349
0.067683
0.065858
0.063869
0.061722
0.059430
0.057011
0.054486
0.051877
0.049202
0.046493
0.043782
0.041097
0.038459
0.035884
0.033383
0.030965
0.028632
0.026386
0.024229
0.022160
0.020178
0.018282
0.016471
0.014745
0.013102
0.011540
0.010060
0.008659
0.007338
0.006097
0.061362
0.060280
0.059196
0.058048
0.056795
0.055415
0.053900
0.052256
0.050489
0.048608
0.046625
0.044553
0.042406
0.040199
0.037952
0.035692
0.033443
0.031227
0.029062
0.026958
0.024923
0.022963
0.021079
0.019272
0.017541
0.015886
0.014306
0.012798
0.011362
0.009998
0.008703
0.007479
0.006324
0.005237
0.050827
0.049878
0.048929
0.047925
0.046833
0.045634
0.044323
0.042902
0.041386
0.039783
0.038101
0.036351
0.034539
0.032675
0.030776
0.028863
0.026959
0.025082
0.023248
0.021468
0.019749
0.018097
0.016513
0.014998
0.013551
0.012171
0.010857
0.009607
0.008421
0.007297
0.006234
0.005232
0.004290
0.003406
0.041002
0.040237
0.039471
0.038658
0.037771
0.036793
0.035720
0.034556
0.033311
0.031998
0.030623
0.029190
0.027705
0.026173
0.024608
0.023031
0.021461
0.019914
0.018404
0.016939
0.015528
0.014173
0.012876
0.011639
0.010459
0.009335
0.008268
0.007254
0.006294
0.005385
0.004529
0.003722
0.002966
0.002258
0.033103
0.032494
0.031882
0.031231
0.030515
0.029723
0.028850
0.027901
0.026883
0.025810
0.024683
0.023504
0.022278
0.021008
0.019712
0.018407
0.017111
0.015836
0.014594
0.013393
0.012238
0.011130
0.010072
0.009063
0.008103
0.007189
0.006322
0.005500
0.004722
0.003987
0.003296
0.002646
0.027582
0.027016
0.026450
0.025851
0.025200
0.024487
0.023708
0.022868
0.021974
0.021035
0.020064
0.019061
0.018027
0.016960
0.015870
0.014773
0.013681
0.012606
0.011559
0.010547
0.009574
0.008644
0.007757
0.006915
0.006115
0.005357
0.004640
0.003963
0.003325
0.002725
0.002161
0.001634
0.021423
0.020969
0.020514
0.020035
0.019515
0.018945
0.018324
0.017654
0.016941
0.016195
0.015423
0.014635
0.013833
0.013013
0.012174
0.011324
0.010474
0.009633
0.008811
0.008013
0.007246
0.006512
0.005813
0.005151
0.004524
0.003932
0.003373
0.002848
0.002354
0.001891
0.016937
0.016535
0.016134
0.015714
0.015263
0.014775
0.014247
0.013684
0.013089
0.012469
0.011832
0.011183
0.010518
0.009835
0.009141
0.008446
0.007758
0.007083
0.006429
0.005800
0.005199
0.004626
0.004083
0.003570
0.003086
0.002631
0.002202
0.001800
0.001423
0.012655
0.012328
0.012003
0.011666
0.011306
0.010918
0.010503
0.010061
0.009598
0.009113
0.008602
0.008068
0.007519
0.006964
0.006412
0.005869
0.005342
0.004834
0.004348
0.003885
0.003447
0.003031
0.002639
0.002270
0.001921
0.001594
0.001287
0.011353
0.011085
0.010817
0.010535
0.010230
0.009898
0.009532
0.009121
0.008670
0.008188
0.007685
0.007170
0.006654
0.006144
0.005647
0.005165
0.004701
0.004258
0.003834
0.003431
0.003048
0.002683
0.002338
0.002010
0.001700
0.001408
0.001133
0.010584
0.010344
0.010098
0.009820
0.009500
0.009137
0.008733
0.008298
0.007838
0.007365
0.006884
0.006405
0.005932
0.005469
0.005020
0.004586
0.004169
0.003768
0.003384
0.003018
0.002668
0.002334
0.002018
0.001717
0.001434
0.010154
0.009897
0.009620
0.009312
0.008969
0.008591
0.008183
0.007752
0.007305
0.006849
0.006390
0.005935
0.005486
0.005048
0.004623
0.004212
0.003817
0.003437
0.003073
0.002726
0.002395
0.002079
0.001781
0.001498
0.001231
0.000980
0.008940
0.008722
0.008504
0.008275
0.008027
0.007745
0.007426
0.007076
0.006699
0.006305
0.005901
0.005493
0.005089
0.004692
0.004305
0.003932
0.003574
0.003230
0.002902
0.002589
0.002290
0.002007
0.001738
0.001483
0.001242
0.008349
0.008137
0.007925
0.007704
0.007468
0.007214
0.006944
0.006646
0.006323
0.005978
0.005619
0.005250
0.004880
0.004512
0.004152
0.003802
0.003464
0.003140
0.002830
0.002535
0.002253
0.001986
0.001732
0.001492
0.001264
0.007461
0.007260
0.007059
0.006852
0.006632
0.006398
0.006149
0.005887
0.005611
0.005317
0.005008
0.004690
0.004367
0.004045
0.003726
0.003415
0.003114
0.002824
0.002546
0.002281
0.002029
0.001789
0.001562
0.001347
0.001144
0.000953
0.006205
0.006037
0.005870
0.005698
0.005516
0.005322
0.005117
0.004901
0.004675
0.004443
0.004200
0.003947
0.003689
0.003428
0.003169
0.002914
0.002665
0.002424
0.002194
0.001973
0.001762
0.001562
0.001373
0.001194
0.001024
0.000864
0.005121
0.004980
0.004841
0.004697
0.004547
0.004387
0.004218
0.004040
0.003856
0.003666
0.003472
0.003273
0.003068
0.002861
0.002654
0.002448
0.002248
0.002052
0.001864
0.001684
0.001511
0.001347
0.001191
0.001043
0.000904
0.000772
0.000648
0.003871
0.003762
0.003654
0.003544
0.003429
0.003308
0.003179
0.003045
0.002906
0.002763
0.002618
0.002468
0.002315
0.002160
0.002005
0.001852
0.001702
0.001557
0.001416
0.001282
0.001153
0.001031
0.000914
0.000804
0.000700
0.000601
0.000508
0.000421
0.002583
0.002506
0.002431
0.002355
0.002276
0.002194
0.002107
0.002017
0.001923
0.001828
0.001731
0.001633
0.001533
0.001432
0.001331
0.001231
0.001133
0.001038
0.000946
0.000858
0.000773
0.000693
0.000616
0.000544
0.000476
0.000411
0.000350
0.000293
0.000239
0.001316
0.001269
0.001224
0.001179
0.001133
0.001086
0.001037
0.000988
0.000937
0.000886
0.000835
0.000784
0.000733
0.000681
0.000631
0.000581
0.000532
0.000485
0.000439
0.000396
0.000355
0.000315
0.000278
0.000243
0.000210
0.000179
0.000150
0.000123
0.000098
0.000074
-0.001299
-0.001320
-0.001337
-0.001349
-0.001356
-0.001357
-0.001352
-0.001341
0.010870
0.010893
0.010903
0.010887
0.010837
0.010748
0.010620
0.010454
0.033829
0.033602
0.033319
0.032962
0.032520
0.031989
0.031372
0.030676
0.029909
0.062418
0.061549
0.060601
0.059551
0.058385
0.057100
0.055700
0.054204
0.052626
0.091883
0.090180
0.088389
0.086500
0.084503
0.082395
0.080179
0.077862
0.075454
0.072969
0.116422
0.113823
0.111140
0.108356
0.105460
0.102455
0.099344
0.096141
0.092859
0.089514
0.086124
0.131348
0.127916
0.124439
0.120897
0.117282
0.113592
0.109831
0.106011
0.102143
0.098241
0.094320
0.090397
0.086488
0.131667
0.127830
0.124002
0.120161
0.116295
0.112398
0.108473
0.104525
0.100564
0.096601
0.092650
0.088723
0.084833
0.080992
0.077209
0.125353
0.121717
0.118120
0.114537
0.110952
0.107355
0.103745
0.100125
0.096502
0.092886
0.089285
0.085712
0.082176
0.078689
0.075258
0.071893
0.068584
0.065335
0.132585
0.129525
0.126493
0.123434
0.120316
0.117120
0.113845
0.110497
0.107090
0.103643
0.100178
0.096715
0.093275
0.089875
0.086530
0.083250
0.080045
0.076920
0.073878
0.070923
0.160572
0.157805
0.155059
0.152264
0.149366
0.146329
0.143131
0.139767
0.136244
0.132580
0.128798
0.124922
0.120980
0.117005
0.113024
0.109060
0.105132
0.101254
0.097435
0.093683
0.090004
0.086400
0.082875
0.079430
0.179430
0.187099
0.183765
0.180309
0.176669
0.172824
0.168783
0.164572
0.160221
0.155758
0.151213
0.146614
0.141982
0.137339
0.132702
0.128087
0.123507
0.118973
0.114495
0.110082
0.105739
0.101473
0.097290
0.093193
0.089187
0.189187
0.216181
0.212330
0.208365
0.204216
0.199846
0.195242
0.190418
0.185406
0.180243
0.174965
0.169606
0.164197
0.158768
0.153342
0.147939
0.142577
0.137271
0.132031
0.126868
0.121791
0.116805
0.111918
0.107134
0.102458
0.202458
0.244473
0.239998
0.235414
0.230649
0.225665
0.220441
0.214979
0.209292
0.203412
0.197379
0.191235
0.185018
0.178764
0.172504
0.166266
0.160072
0.153941
0.147888
0.141926
0.136065
0.130315
0.124681
0.119171
0.113790
0.108540
0.103427
0.203427
0.253630
0.248808
0.243903
0.238841
0.233569
0.228059
0.222305
0.216319
0.210117
0.203735
0.197217
0.190606
0.183943
0.177266
0.170605
0.163990
0.157442
0.150980
0.144620
0.138373
0.132250
0.126259
0.120405
0.114695
0.109133
0.103722
0.098464
0.198464
0.248135
0.243225
0.238247
0.233115
0.227783
0.222217
0.216400
0.210333
0.204042
0.197561
0.190943
0.184236
0.177486
0.170732
0.164007
0.157339
0.150750
0.144259
0.137879
0.131623
0.125499
0.119514
0.113675
0.107987
0.102453
0.097076
0.091860
0.086805
0.081915
0.181915
0.217247
0.212804
0.208320
0.203692
0.198852
0.193763
0.188418
0.182829
0.177023
0.171048
0.164953
0.158787
0.152596
0.146419
0.140291
0.134240
0.128283
0.122436
0.116708
0.111109
0.105647
0.100324
0.095146
0.090112
0.085229
0.080498
0.075927
0.071544
0.067348
0.063333
0.059492
0.055815
0.052296
0.152296
0.154417
0.151236
0.147997
0.144636
0.141113
0.137403
0.133492
0.129382
0.125092
0.120658
0.116128
0.111551
0.106972
0.102428
0.097948
0.093554
0.089260
0.085073
0.080998
0.077035
0.073186
0.069448
0.065820
0.062302
0.058894
0.055595
0.052405
0.049325
0.046354
0.043494
0.040744
0.038104
0.035573
0.033149
0.030832
0.110697
0.108598
0.106521
0.104399
0.102189
0.099863
0.097399
0.094786
0.092024
0.089122
0.086098
0.082971
0.079765
0.076513
0.073248
0.070000
0.066792
0.063643
0.060565
0.057565
0.054648
0.051815
0.049065
0.046399
0.043814
0.041311
0.038888
0.036545
0.034282
0.032099
0.029997
0.027976
0.026035
0.024174
0.022393
0.020692
0.019070
0.083144
0.081682
0.080231
0.078733
0.077149
0.075455
0.073642
0.071711
0.069673
0.067542
0.065335
0.063058
0.060721
0.058331
0.055896
0.053432
0.050959
0.048498
0.046066
0.043679
0.041347
0.039077
0.036874
0.034739
0.032673
0.030676
0.028747
0.026885
0.025090
0.023361
0.021697
0.020099
0.018565
0.017097
0.015693
0.014354
0.068716
0.067510
0.066309
0.065063
0.063737
0.062310
0.060776
0.059136
0.057400
0.055582
0.053696
0.051750
0.049749
0.047699
0.045604
0.043483
0.041354
0.039236
0.037145
0.035094
0.033092
0.031145
0.029256
0.027428
0.025661
0.023955
0.022308
0.020721
0.019193
0.017723
0.016311
0.014958
0.013662
0.012425
0.011245
0.060361
0.059302
0.058247
0.057147
0.055970
0.054697
0.053323
0.051848
0.050284
0.048643
0.046932
0.045158
0.043326
0.041443
0.039521
0.037580
0.035639
0.033714
0.031821
0.029968
0.028163
0.026411
0.024712
0.023069
0.021480
0.019947
0.018467
0.017040
0.015668
0.014348
0.013082
0.011870
0.059333
0.058235
0.057138
0.055997
0.054780
0.053469
0.052058
0.050551
0.048957
0.047282
0.045532
0.043715
0.041838
0.039917
0.037971
0.036022
0.034088
0.032182
0.030316
0.028496
0.026725
0.025007
0.023341
0.021727
0.020164
0.018652
0.017190
0.015778
0.014416
0.013106
0.062748
0.061549
0.060357
0.059132
0.057842
0.056475
0.055026
0.053502
0.051912
0.050273
0.048612
0.046962
0.045370
0.043888
0.042574
0.041486
0.040673
0.040175
0.040008
0.013722
0.013277
0.012643
0.011901
0.011111
0.010310
0.009520
0.065596
0.064846
0.064021
0.063065
0.061939
0.060620
0.059097
0.057371
0.055454
0.053364
0.051124
0.048780
0.046373
0.043937
0.041505
0.039102
0.036746
0.034451
0.032226
0.030075
0.028001
0.026005
0.024085
0.022242
0.080757
0.079050
0.077305
0.075449
0.073433
0.071229
0.068828
0.066242
0.063487
0.060603
0.057629
0.054602
0.051557
0.048522
0.045521
0.042572
0.039689
0.036885
0.034166
0.031536
0.029000
0.087090
0.084725
0.082330
0.079834
0.077194
0.074396
0.071450
0.068376
0.065201
0.061956
0.058669
0.055367
0.052073
0.048809
0.045592
0.042436
0.039355
0.036356
0.033449
0.088506
0.085773
0.083029
0.080221
0.077311
0.074281
0.071136
0.067895
0.064579
0.061214
0.057824
0.054434
0.051064
0.047734
0.044459
0.041254
0.038132
0.035101
0.084025
0.081201
0.078421
0.075633
0.072801
0.069897
0.066910
0.063829
0.060674
0.057464
0.054222
0.050977
0.047752
0.044568
0.041446
0.038416
0.035476
0.032649
0.072404
0.069818
0.067293
0.064780
0.062248
0.059681
0.057070
0.054409
0.051699
0.048948
0.046180
0.043417
0.040683
0.037997
0.035376
0.032832
0.030375
0.058123
0.055853
0.053636
0.051443
0.049252
0.047055
0.044846
0.042631
0.040415
0.038209
0.036015
0.033843
0.031706
0.029613
0.027575
0.025599
0.023690
0.021852
0.035659
0.033969
0.032332
0.030733
0.029160
0.027609
0.026077
0.024565
0.023077
0.021615
0.020184
0.018789
0.017440
0.016140
0.014894
0.013701
0.012562
0.011476
0.010442
-0.017898
-0.018838
-0.019701
-0.020467
-0.021121
-0.021656
-0.022071
-0.022371
-0.022564
-0.022658
-0.022653
-0.022548
-0.006544
-0.006251
-0.005904
-0.005531
-0.005151
-0.004777
-0.004417
-0.004073
-0.003748
-0.003446
-0.003174
-0.002929
0.029195
0.029404
0.029570
0.029671
0.029693
0.029618
0.029432
0.029128
0.028708
0.028186
0.027578
0.026902
0.026175
0.073079
0.072296
0.071437
0.070458
0.069332
0.068050
0.066620
0.065056
0.063377
0.061601
0.059748
0.057835
0.055875
0.116731
0.114697
0.112555
0.110257
0.107787
0.105144
0.102338
0.099387
0.096310
0.093131
0.089873
0.086558
0.083207
0.156592
0.153201
0.149710
0.146070
0.142251
0.138241
0.134049
0.129697
0.125214
0.120628
0.115972
0.111274
0.106561
0.190280
0.185583
0.180813
0.175913
0.170851
0.165607
0.160177
0.154576
0.148832
0.142981
0.137062
0.131110
0.125161
0.216163
0.210280
0.204346
0.198301
0.192106
0.185744
0.179210
0.172509
0.165669
0.158727
0.151726
0.144708
0.137712
0.227791
0.220928
0.214059
0.207121
0.200076
0.192901
0.185590
0.178148
0.170587
0.162931
0.155220
0.147498
0.139811
0.132199
0.203300
0.195928
0.188617
0.181320
0.174008
0.166664
0.159284
0.151871
0.144435
0.136985
0.129544
0.122145
0.114824
0.107618
0.161367
0.154465
0.147670
0.140943
0.134256
0.127591
0.120938
0.114299
0.107696
0.101155
0.094704
0.088369
0.082176
0.076146
0.117249
0.111573
0.106020
0.100549
0.095130
0.089757
0.084437
0.079180
0.074004
0.068924
0.063957
0.059118
0.054450
0.049973
0.081474
0.077402
0.073476
0.069641
0.065856
0.062089
0.058339
0.054615
0.050935
0.047322
0.043796
0.040375
0.037072
0.033897
0.057183
0.054278
0.051475
0.048746
0.046072
0.043438
0.040829
0.038237
0.035672
0.033145
0.030672
0.028268
0.025947
0.023718
0.039400
0.037373
0.035421
0.033524
0.031664
0.029831
0.028020
0.026228
0.024458
0.022714
0.021002
0.019331
0.027147
0.025583
0.024066
0.022587
0.021143
0.019727
0.018340
0.016980
0.015648
0.014348
0.013080
0.011849
0.012650
0.011498
0.010386
0.009314
0.008280
0.007285
0.006328
0.005409
0.004529
0.003687
0.002884
0.002527
0.001801
0.001113
0.000461
-0.000154
-0.000734
-0.001279
-0.001791
-0.002269
-0.002318
-0.002732
-0.003116
-0.003471
-0.003799
-0.004099
-0.004375
-0.004625
-0.004852
-0.004685
-0.004866
-0.005027
-0.005168
-0.005291
-0.005397
-0.005486
-0.005233
-0.005292
-0.005338
-0.005371
-0.005393
-0.005405
-0.005406
-0.005399
-0.005117
-0.005094
-0.005063
-0.005026
-0.004984
-0.004938
-0.004887
-0.004645
-0.004588
-0.004528
-0.004466
-0.004403
-0.004339
-0.004251
-0.004186
-0.004122
-0.004058
-0.003995
-0.003932
-0.003871
0.026686
0.026749
0.026760
0.027887
0.027702
0.027395
0.026965
0.029431
0.028775
0.028022
0.031274
0.030365
0.029392
0.028364
0.032068
0.030962
0.029821
0.028647
0.027444
0.031307
0.030059
0.028792
0.027508
0.026209
0.030008
0.028689
0.027360
0.026019
0.024670
0.028228
0.026870
0.025508
0.024143
0.022772
0.021398
0.026276
0.024912
0.023551
0.022194
0.020841
0.019498
0.018164
0.030341
0.029041
0.027745
0.026443
0.025129
0.023803
0.022468
0.021127
0.041016
0.039688
0.038343
0.036967
0.035549
0.034090
0.032590
0.031057
0.058040
0.056474
0.054866
0.053195
0.051453
0.049636
0.047751
0.045805
0.043808
0.077807
0.075758
0.073656
0.071475
0.069215
0.066874
0.064456
0.061970
0.059426
0.100987
0.098372
0.095698
0.092941
0.090091
0.087144
0.084105
0.080983
0.077790
0.074542
0.124520
0.121212
0.117839
0.114377
0.110812
0.107142
0.103375
0.099520
0.095595
0.091616
0.151367
0.147341
0.143252
0.139068
0.134776
0.130372
0.125863
0.121262
0.116585
0.111855
0.107090
0.174670
0.169901
0.165086
0.160191
0.155194
0.150089
0.144878
0.139571
0.134185
0.128741
0.123262
0.184412
0.178940
0.173444
0.167897
0.162287
0.156611
0.150875
0.145092
0.139279
0.133456
0.127646
0.121872
0.173068
0.167431
0.161840
0.156274
0.150720
0.145174
0.139640
0.134125
0.128640
0.123200
0.117820
0.112506
0.107264
0.149138
0.144033
0.138953
0.133871
0.128774
0.123656
0.118518
0.113366
0.108210
0.103070
0.097968
0.092925
0.087961
0.083091
0.115566
0.110901
0.106299
0.101746
0.097235
0.092767
0.088364
0.084036
0.079792
0.075638
0.071581
0.067626
0.063780
0.060047
0.084061
0.080543
0.077090
0.073683
0.070314
0.066982
0.063692
0.060452
0.057271
0.054159
0.051125
0.048176
0.045319
0.042558
0.058148
0.055576
0.053064
0.050598
0.048170
0.045779
0.043427
0.041120
0.038863
0.036663
0.034526
0.032456
0.030457
0.028531
0.035108
0.033330
0.031610
0.029936
0.028304
0.026710
0.025156
0.023645
0.022179
0.020761
0.019395
0.018081
0.016822
0.015617
0.115490
0.114385
0.113210
0.111834
0.110189
0.108245
0.105997
0.103492
0.101697
0.098771
0.095675
0.092523
0.089338
0.086134
0.082921
0.079709
0.084812
0.081627
0.078460
0.075312
0.072162
0.069041
0.065934
0.062850
0.059799
0.069424
0.066354
0.063366
0.060423
0.057521
0.054675
0.051842
0.049072
0.063458
0.060746
0.058118
0.055576
0.053113
0.050717
0.048379
0.046101
0.065851
0.063654
0.061474
0.059351
0.057223
0.055082
0.052915
0.050742
0.048560
0.073574
0.071445
0.069325
0.067211
0.065062
0.062955
0.060825
0.058732
0.089350
0.087190
0.084970
0.082709
0.080410
0.078070
0.075688
0.073266
0.070784
0.107142
0.104673
0.102203
0.099691
0.097172
0.094606
0.091982
0.089292
0.086555
0.129235
0.126454
0.123625
0.120737
0.117785
0.114807
0.111738
0.108576
0.105390
0.154032
0.150806
0.147595
0.144315
0.140936
0.137441
0.133889
0.130249
0.181008
0.177237
0.173378
0.169410
0.165318
0.161161
0.156936
0.152630
0.148254
0.198543
0.194069
0.189499
0.184820
0.180034
0.175135
0.170189
0.165199
0.160204
0.208461
0.203487
0.198455
0.193378
0.188191
0.182973
0.177650
0.172244
0.166779
0.211595
0.206184
0.200722
0.195184
0.189563
0.183835
0.178038
0.172222
0.166370
0.160495
0.200536
0.194647
0.188728
0.182775
0.176770
0.170733
0.164740
0.158753
0.152784
0.187724
0.181820
0.175942
0.170062
0.164250
0.158455
0.152677
0.146920
0.141244
0.135592
0.165383
0.159846
0.154331
0.148859
0.143412
0.138023
0.132695
0.127425
0.122201
0.117041
0.141867
0.136872
0.131937
0.127044
0.122178
0.117332
0.112533
0.107753
0.102977
0.098194
0.118102
0.113387
0.108702
0.104090
0.099526
0.095042
0.090635
0.086309
0.082070
0.077927
0.073886
0.090393
0.086577
0.082843
0.079121
0.075423
0.071724
0.068037
0.064394
0.060809
0.057331
0.053979
0.070311
0.067107
0.063894
0.060757
0.057710
0.054754
0.051884
0.049077
0.046363
0.043743
0.041214
0.058528
0.056155
0.053837
0.051546
0.049276
0.047021
0.044777
0.042541
0.040368
0.038186
0.035998
0.054121
0.052000
0.049928
0.047893
0.045884
0.043891
0.041934
0.039980
0.038026
0.036079
0.034146
0.032239
0.051507
0.049678
0.047875
0.046081
0.044270
0.042480
0.040708
0.038946
0.037153
0.035341
0.033523
0.053949
0.052116
0.050294
0.048468
0.046609
0.044766
0.042937
0.041103
0.039243
0.037342
0.035421
0.057161
0.055249
0.053334
0.051403
0.049436
0.047429
0.045373
0.043311
0.041207
0.039084
0.036965
0.060242
0.058175
0.056115
0.054042
0.051961
0.049852
0.047690
0.045555
0.043449
0.041347
0.066624
0.064525
0.062381
0.060189
0.057924
0.055579
0.053160
0.050674
0.048145
0.045574
0.072792
0.070211
0.067614
0.064982
0.062303
0.059572
0.056793
0.053968
0.051108
0.048234
0.076936
0.074096
0.071248
0.068372
0.065434
0.062424
0.059364
0.056278
0.053188
0.079164
0.076084
0.073010
0.069892
0.066722
0.063497
0.060216
0.056886
0.053533
0.050215
0.072152
0.068878
0.065614
0.062350
0.059090
0.055816
0.052539
0.049296
0.046037
0.064007
0.060756
0.057539
0.054333
0.051149
0.047982
0.044835
0.041716
0.038636
0.052764
0.049814
0.046913
0.044056
0.041229
0.038433
0.035663
0.032925
0.030233
0.040632
0.038037
0.035498
0.032935
0.030338
0.027704
0.025036
0.022334
0.028643
0.026017
0.023515
0.021150
0.018922
0.016818
0.014804
0.012877
0.011050
0.014380
0.012587
0.010850
0.009167
0.007537
0.005959
0.004445
0.002993
0.001621
0.001772
0.000564
-0.000569
-0.001637
-0.002639
-0.003573
-0.004449
-0.005269
-0.008088
-0.008805
-0.009469
-0.010084
-0.010642
-0.011144
-0.011586
-0.011968
-0.012292
-0.017425
-0.017619
-0.017728
-0.017731
-0.017619
-0.017391
-0.017050
-0.016602
-0.021928
-0.021320
-0.020739
-0.020077
-0.019338
-0.018539
-0.017716
-0.016865
-0.016008
-0.021683
-0.020841
-0.019972
-0.019031
-0.018087
-0.017134
-0.016175
-0.015213
-0.014258
-0.020577
-0.019645
-0.018716
-0.017783
-0.016846
-0.015903
-0.014955
-0.014004
-0.013057
-0.020285
-0.019358
-0.018429
-0.017495
-0.016554
-0.015606
-0.014654
-0.013700
-0.012739
-0.011800
-0.020139
-0.019324
-0.018460
-0.017537
-0.016635
-0.015740
-0.014771
-0.013787
-0.012793
-0.011798
-0.021380
-0.020498
-0.019571
-0.018603
-0.017697
-0.016735
-0.015756
-0.014760
-0.013754
-0.012753
-0.023972
-0.023027
-0.022087
-0.021143
-0.020191
-0.019229
-0.018257
-0.017268
-0.016223
-0.015197
-0.028413
-0.027444
-0.026524
-0.025564
-0.024571
-0.023544
-0.022486
-0.021396
-0.020296
-0.019193
-0.018094
-0.033780
-0.032706
-0.031630
-0.030532
-0.029402
-0.028249
-0.027067
-0.025863
-0.024643
-0.023417
-0.041619
-0.040405
-0.039175
-0.037978
-0.036698
-0.035334
-0.033903
-0.032442
-0.030913
-0.029419
-0.047848
-0.046395
-0.044938
-0.043460
-0.041954
-0.040415
-0.038845
-0.037215
-0.035578
-0.033940
-0.032352
-0.050197
-0.048618
-0.047029
-0.045405
-0.043785
-0.042066
-0.040393
-0.038694
-0.036990
-0.035296
-0.052130
-0.050458
-0.048784
-0.047098
-0.045395
-0.043659
-0.041931
-0.040194
-0.038516
-0.036830
-0.035140
-0.050586
-0.048903
-0.047242
-0.045576
-0.043916
-0.042220
-0.040551
-0.038926
-0.037397
-0.035816
-0.049470
-0.047837
-0.046138
-0.044483
-0.042769
-0.041069
-0.039384
-0.037756
-0.036147
-0.034602
-0.033022
-0.044394
-0.042874
-0.041405
-0.039985
-0.038570
-0.037197
-0.035754
-0.034350
-0.032977
-0.031636
-0.030331
-0.028981
-0.037777
-0.036477
-0.035199
-0.033940
-0.032700
-0.031476
-0.030248
-0.029058
-0.027907
-0.026766
-0.025642
-0.024540
-0.030429
-0.029383
-0.028356
-0.027345
-0.026348
-0.025363
-0.024390
-0.023431
-0.022487
-0.021560
-0.020654
-0.019726
-0.018869
-0.021900
-0.021016
-0.020191
-0.019330
-0.018494
-0.017685
-0.016907
-0.016140
-0.015428
-0.014706
-0.013967
-0.013270
-0.012605
-0.011965
-0.011350
-0.045603
-0.045044
-0.044490
-0.043919
-0.043300
-0.042688
-0.042082
-0.041401
-0.040716
-0.040012
-0.039288
-0.038547
-0.037789
-0.037015
-0.036192
-0.035407
-0.034566
-0.033784
-0.033013
-0.032238
-0.031454
-0.030619
-0.029823
-0.029081
-0.028328
-0.027570
-0.026803
-0.026025
-0.025235
-0.024432
-0.023616
-0.022846
-0.022004
-0.021113
-0.020274
-0.019423
-0.018570
-0.017711
-0.016849
-0.015980
-0.015104
-0.014221
-0.013309
-0.012442
-0.011562
-0.010768
-0.010057
-0.009429
-0.008878
-0.008394
-0.007970
-0.007548
-0.007165
-0.006812
-0.006482
-0.006171
-0.005874
-0.005581
-0.005315
-0.005058
-0.004795
-0.004541
-0.004272
-0.003998
-0.003719
-0.003439
-0.003158
-0.002876
-0.002594
-0.002311
-0.002027
-0.001742
-0.001456
-0.001169
-0.000881
-0.000591
-0.000300
-0.000008
0.000285
0.000579
0.000874
0.001170
0.001468
0.001766
0.002066
0.002366
0.002668
0.002970
0.003274
0.003578
0.003904
0.004235
0.004568
0.004881
0.005122
0.005313
0.005428
0.005476
0.005471
0.005426
0.005356
0.005272
0.005184
0.005098
0.005011
0.004942
0.004875
0.004816
0.004762
0.004712
0.004664
0.004617
0.004569
0.004521
0.004479
0.004427
0.004388
0.004332
0.004280
0.004226
0.004171
0.004116
0.004060
0.004005
0.003950
0.003890
0.003839
0.003785
0.003731
0.003677
0.003623
0.003571
0.003519
0.003468
0.003418
0.003368
0.003320
0.003277
0.003224
0.003177
0.003131
0.003084
0.003038
0.002991
0.002945
0.002899
0.002853
0.002808
0.002763
0.002719
0.002676
0.002635
0.002594
0.002548
0.002508
0.002475
0.002437
0.002400
0.002362
0.002324
0.002286
0.002249
0.002212
0.002175
0.002139
0.002104
0.002071
0.002038
0.002006
0.001975
0.001944
0.001921
0.001886
0.001861
0.001831
0.001803
0.001776
0.001749
0.001721
0.001694
0.001668
0.001641
0.001604
0.001579
0.001552
0.001527
0.001502
0.001479
0.001457
0.001435
0.001414
0.001393
0.001372
0.001351
0.001330
0.001309
0.001289
0.001268
0.001248
0.001228
0.001208
0.001188
0.001169
0.001149
0.001130
0.001113
0.001096
0.001079
0.001060
0.001042
0.001023
0.001005
0.000988
0.000970
0.000954
0.000937
0.000921
0.000905
0.000889
0.000874
0.000859
0.000845
0.000831
0.000817
0.000804
0.000791
0.000777
0.000771
0.000760
0.000747
0.000733
0.000719
0.000704
0.000690
0.000677
0.000660
0.000646
0.000633
0.000622
0.000612
0.000602
0.000593
0.000584
0.000575
0.000573
0.000561
0.000554
0.000539
0.000530
0.000521
0.000514
0.000507
0.000500
0.000492
0.000485
0.000478
0.000470
0.000462
0.000447
0.000441
0.000432
0.000431
0.000426
0.000419
0.000412
0.000405
0.000397
0.000385
0.000382
0.000375
0.000368
0.000361
0.000354
0.000347
0.000340
0.000334
0.000324
0.000323
0.000317
0.000311
0.000304
0.000297
0.000290
0.000283
0.000277
0.000269
0.000263
0.000257
0.000252
0.000248
0.000243
0.000239
0.000235
0.000231
0.000227
0.000223
0.000219
0.000215
0.000211
0.000207
0.000203
0.000199
0.000195
0.000192
0.000198
0.000195
0.000194
0.000177
0.000172
0.000165
0.000165
0.000162
0.000158
0.000153
0.000149
0.000145
0.000137
0.000139
0.000136
0.000133
0.000130
0.000127
0.000124
0.000122
0.000119
0.000112
0.000114
0.000111
0.000108
0.000105
0.000102
0.000100
0.000098
0.000096
0.000088
0.000091
0.000088
0.000086
0.000084
0.000082
0.000080
0.000078
0.000077
0.000075
0.000075
-0.002087
-0.002087
-0.002086
-0.002083
-0.002077
-0.002068
-0.002056
-0.002043
-0.002021
-0.002006
-0.001987
-0.001970
-0.001943
-0.001921
-0.001899
-0.001877
-0.001854
-0.001832
-0.001809
-0.001785
-0.001762
-0.001738
-0.001713
-0.001688
-0.001663
-0.001638
-0.001606
-0.001583
-0.001552
-0.001528
-0.001502
-0.001477
-0.001452
-0.001428
-0.001405
-0.001382
-0.001359
-0.001336
-0.001315
-0.001293
-0.001270
-0.001248
-0.001226
-0.001204
-0.001182
-0.001161
-0.001138
-0.001125
-0.001106
-0.001085
-0.001065
-0.001044
-0.101044
-0.163989
-0.163916
-0.163714
-0.163309
-0.162728
-0.161960
-0.161019
-0.159945
-0.158753
-0.157457
-0.156066
-0.154588
-0.153010
-0.151357
-0.149614
-0.147788
-0.145889
-0.143930
-0.141924
-0.139882
-0.137815
-0.135706
-0.133611
-0.131522
-0.129433
-0.127355
-0.125293
-0.123245
-0.121212
-0.119194
-0.117181
-0.115192
-0.113216
-0.111254
-0.109307
-0.107377
-0.105464
-0.103571
-0.101699
-0.099848
-0.098020
-0.096200
-0.094404
-0.092627
-0.091936
-0.090216
-0.088522
-0.086849
-0.085196
-0.083562
-0.081949
-0.080357
-0.078788
-0.077246
-0.075731
-0.074242
-0.072782
-0.071349
-0.069944
-0.068568
-0.067219
-0.065898
-0.064602
-0.063333
-0.062091
-0.060875
-0.059684
-0.058539
-0.057388
-0.056238
-0.055089
-0.053941
-0.052791
-0.051654
-0.050535
-0.049455
-0.048401
-0.047390
-0.046420
-0.045489
-0.044592
-0.043724
-0.042881
-0.042058
-0.036871
-0.036073
-0.035290
-0.034519
-0.033745
-0.032983
-0.032242
-0.031509
-0.030796
-0.030095
-0.029419
-0.028762
-0.028125
-0.027506
-0.026904
-0.026317
-0.025744
-0.025180
-0.024636
-0.024099
-0.023575
-0.023061
-0.022562
-0.022060
-0.021568
-0.021087
-0.020615
-0.020154
-0.019706
-0.019271
-0.018848
-0.018435
-0.018031
-0.017636
-0.017249
-0.016870
-0.016499
-0.016136
-0.009152
-0.008802
-0.008459
-0.008134
-0.007819
-0.007517
-0.007230
-0.006958
-0.006700
-0.006455
-0.006223
-0.006002
-0.005792
-0.005592
-0.005402
-0.005220
-0.005046
-0.004879
-0.004719
-0.004566
-0.004419
-0.004281
-0.004148
-0.004015
-0.003892
-0.003770
-0.003653
-0.003539
-0.003433
-0.003331
-0.003232
-0.003138
-0.003047
-0.002960
-0.002876
-0.002796
-0.002718
0.006292
0.006367
0.006447
0.006523
0.006585
0.006628
0.006650
0.006650
0.006631
0.006597
0.006550
0.006493
0.006429
0.006359
0.006285
0.006207
0.006127
0.006044
0.005960
0.005859
0.005768
0.005678
0.005598
0.005515
0.005429
0.005341
0.005248
0.005154
0.005057
0.004960
0.004861
0.004763
0.004665
0.004567
0.004469
0.015699
0.015604
0.015506
0.015400
0.015283
0.015145
0.014986
0.014807
0.014610
0.014398
0.014175
0.013944
0.013707
0.013466
0.013223
0.012980
0.012736
0.012493
0.012247
0.012010
0.011771
0.011533
0.011295
0.011040
0.010797
0.010564
0.010332
0.010103
0.009877
0.009654
0.009433
0.009213
0.022823
0.022612
0.022399
0.022177
0.021940
0.021678
0.021391
0.021080
0.020748
0.020399
0.020038
0.019667
0.019292
0.018913
0.018534
0.018154
0.017776
0.017400
0.017026
0.016655
0.016286
0.015920
0.015557
0.015196
0.014838
0.014485
0.014137
0.013794
0.013456
0.013123
0.029239
0.028919
0.028606
0.028288
0.027945
0.027571
0.027166
0.026731
0.026271
0.025791
0.025296
0.024792
0.024282
0.023770
0.023257
0.022746
0.022237
0.021733
0.021236
0.020734
0.020229
0.019733
0.019246
0.018766
0.018296
0.017833
0.017379
0.016932
0.016492
0.035814
0.035390
0.034963
0.034523
0.034056
0.033554
0.033015
0.032444
0.031844
0.031223
0.030586
0.029939
0.029287
0.028632
0.027978
0.027327
0.026680
0.026042
0.025400
0.024756
0.024124
0.023503
0.022891
0.022292
0.021703
0.021124
0.020554
0.045441
0.044893
0.044340
0.043768
0.043155
0.042495
0.041787
0.041036
0.040248
0.039432
0.038594
0.037744
0.036885
0.036022
0.035160
0.034302
0.033450
0.032607
0.031771
0.030945
0.030128
0.029309
0.028505
0.027714
0.026936
0.058022
0.057267
0.056513
0.055728
0.054888
0.054009
0.053072
0.052082
0.051047
0.049976
0.048879
0.047767
0.046639
0.045511
0.044384
0.043262
0.042148
0.041045
0.039952
0.038870
0.037801
0.036745
0.035703
0.034675
0.033681
0.071042
0.070064
0.069076
0.068043
0.066952
0.065793
0.064569
0.063287
0.061955
0.060587
0.059198
0.057785
0.056365
0.054938
0.053519
0.052111
0.050717
0.049323
0.047942
0.046579
0.045235
0.043908
0.042610
0.086176
0.084929
0.083663
0.082342
0.080946
0.079493
0.077966
0.076370
0.074718
0.073021
0.071293
0.069549
0.067788
0.066028
0.064272
0.062529
0.060801
0.059092
0.057403
0.055738
0.054096
0.052479
0.050891
0.100493
0.098958
0.097399
0.095776
0.094093
0.092344
0.090511
0.088601
0.086626
0.084602
0.082545
0.080463
0.078373
0.076283
0.074202
0.072136
0.070091
0.068070
0.066074
0.064107
0.062148
0.060217
0.115418
0.113536
0.111638
0.109674
0.107653
0.105567
0.103398
0.101170
0.098877
0.096534
0.094153
0.091750
0.089331
0.086910
0.084492
0.082094
0.079720
0.077374
0.075060
0.072772
0.070526
0.130722
0.128548
0.126338
0.124061
0.121699
0.119274
0.116807
0.114289
0.111706
0.109068
0.106387
0.103676
0.100955
0.098223
0.095490
0.092776
0.090087
0.087429
0.084806
0.082222
0.079678
0.077182
0.142144
0.139726
0.137283
0.134775
0.132183
0.129528
0.126829
0.124077
0.121260
0.118386
0.115471
0.112527
0.109574
0.106612
0.103654
0.100718
0.097812
0.094940
0.092107
0.089318
0.086569
0.083873
0.156341
0.153731
0.151084
0.148358
0.145532
0.142601
0.139601
0.136545
0.133427
0.130272
0.127081
0.123862
0.120626
0.117390
0.114150
0.110917
0.107713
0.104542
0.101412
0.098328
0.095294
0.092310
0.174378
0.171495
0.168599
0.165628
0.162539
0.159316
0.155959
0.152487
0.148926
0.145302
0.141638
0.137955
0.134268
0.130601
0.126939
0.123293
0.119682
0.116109
0.112550
0.109044
0.105591
0.198611
0.195279
0.191936
0.188529
0.185003
0.181320
0.177537
0.173653
0.169683
0.165645
0.161552
0.157403
0.153207
0.148983
0.144762
0.140538
0.136326
0.132142
0.128009
0.123933
0.119918
0.219918
0.221060
0.217146
0.213167
0.209061
0.204791
0.200398
0.195870
0.191268
0.186572
0.181797
0.176962
0.172086
0.167192
0.162320
0.157469
0.152647
0.147891
0.143145
0.138444
0.238444
0.250984
0.246354
0.241648
0.236848
0.231888
0.226843
0.221681
0.216432
0.211100
0.205702
0.200250
0.194742
0.189192
0.183620
0.178042
0.172482
0.166958
0.161487
0.261487
0.284223
0.278815
0.273296
0.267648
0.261809
0.255761
0.249555
0.243189
0.236730
0.230186
0.223576
0.216935
0.210288
0.203660
0.197102
0.190585
0.184125
0.177731
0.277731
0.307638
0.301406
0.295076
0.288592
0.281938
0.275095
0.268151
0.261078
0.253833
0.246517
0.239124
0.231695
0.224269
0.216884
0.209568
0.202337
0.195206
0.295206
0.322695
0.315647
0.308523
0.301247
0.293823
0.286226
0.278450
0.270577
0.262564
0.254507
0.246397
0.238271
0.230190
0.222151
0.214215
0.206445
0.198790
0.191267
0.183876
0.283876
0.287715
0.280676
0.273605
0.266456
0.259203
0.251806
0.244241
0.236572
0.228831
0.221062
0.213279
0.205544
0.197898
0.190374
0.182998
0.175777
0.168715
0.161817
0.155086
0.243369
0.236888
0.230475
0.224069
0.217635
0.211128
0.204532
0.197843
0.191089
0.184285
0.177448
0.170615
0.163825
0.157115
0.150516
0.144047
0.137728
0.131574
0.125592
0.119716
0.114009
0.185091
0.179742
0.174529
0.169311
0.164106
0.158847
0.153613
0.148397
0.143193
0.137999
0.132812
0.127559
0.122241
0.116906
0.111576
0.106280
0.101045
0.095894
0.090898
0.086024
0.143819
0.139228
0.134701
0.130258
0.125829
0.121428
0.117038
0.112650
0.108262
0.103870
0.099472
0.095072
0.090695
0.086359
0.082088
0.077864
0.073738
0.069736
0.065870
0.113723
0.110141
0.106639
0.103174
0.099705
0.096210
0.092676
0.089097
0.085472
0.081802
0.078108
0.074418
0.070759
0.067153
0.063592
0.060113
0.056741
0.053474
0.050260
0.090243
0.087278
0.084393
0.081548
0.078710
0.075848
0.072992
0.070080
0.067112
0.064107
0.061090
0.058050
0.055036
0.052059
0.049147
0.046294
0.043531
0.040818
0.074603
0.072114
0.069698
0.067312
0.064914
0.062513
0.060061
0.057607
0.055107
0.052575
0.050017
0.047451
0.044905
0.042405
0.039971
0.037611
0.035290
0.064695
0.062558
0.060478
0.058410
0.056313
0.054206
0.052050
0.049853
0.047628
0.045397
0.043166
0.040954
0.038766
0.036616
0.034522
0.032488
0.060219
0.058285
0.056387
0.054500
0.052596
0.050649
0.048652
0.046609
0.044533
0.042431
0.040330
0.038216
0.036131
0.034094
0.032114
0.030196
0.056489
0.054670
0.052888
0.051115
0.049330
0.047512
0.045642
0.043722
0.041762
0.039779
0.037789
0.035802
0.033835
0.031901
0.056348
0.054520
0.052718
0.050920
0.049096
0.047273
0.045400
0.043502
0.041563
0.039600
0.037625
0.035644
0.033684
0.031751
0.054045
0.052241
0.050438
0.048630
0.046805
0.044953
0.043060
0.041139
0.039181
0.037197
0.035213
0.033205
0.031218
0.051007
0.049129
0.047244
0.045357
0.043465
0.041565
0.039655
0.037725
0.035788
0.033847
0.031916
0.030007
0.047126
0.045289
0.043488
0.041689
0.039886
0.038065
0.036219
0.034352
0.032474
0.030606
0.028720
0.026818
0.040816
0.038964
0.037130
0.035316
0.033560
0.031842
0.030149
0.028464
0.026785
0.025132
0.023503
0.039659
0.038123
0.036597
0.035061
0.033556
0.032084
0.030587
0.029062
0.027509
0.025895
0.024284
0.061708
0.060122
0.058511
0.056838
0.055100
0.053272
0.051381
0.049410
0.047353
0.045227
0.099754
0.097515
0.095188
0.092733
0.090101
0.087281
0.084275
0.081117
0.077842
0.074450
0.070981
0.128996
0.125454
0.121814
0.118069
0.114183
0.110155
0.105994
0.101664
0.097269
0.092792
0.088219
0.083558
0.078818
0.130586
0.125760
0.120911
0.116006
0.111033
0.105983
0.101003
0.095949
0.090795
0.085546
0.080209
0.074867
0.069538
0.064324
0.059265
0.101532
0.096857
0.092308
0.087830
0.083378
0.078923
0.074449
0.069945
0.065431
0.060934
0.056530
0.052187
0.047923
0.043756
0.039707
0.035795
0.032061
0.065757
0.062405
0.059011
0.055614
0.052145
0.048679
0.045161
0.041618
0.038073
0.034617
0.031292
0.028124
0.025123
0.022293
0.019628
0.017120
0.014760
0.012539
0.010449
0.008486
0.006642
0.033606
0.031993
0.030447
0.028930
0.027422
0.025911
0.024386
0.022836
0.021254
0.019652
0.018046
0.016457
0.014903
0.013400
0.011960
0.010591
0.009299
0.008084
0.006947
0.005887
0.004900
0.003983
0.003134
0.002350
0.001627
0.022225
0.021620
0.021036
0.020446
0.019834
0.019189
0.018506
0.017774
0.016988
0.016151
0.015277
0.014381
0.013478
0.012582
0.011703
0.010850
0.010027
0.009237
0.008482
0.007761
0.007074
0.006419
0.005773
0.005154
0.004563
0.003996
0.003463
0.002967
0.016707
0.016280
0.015862
0.015435
0.014986
0.014507
0.013997
0.013448
0.012851
0.012213
0.011544
0.010856
0.010161
0.009467
0.008783
0.008117
0.007476
0.006834
0.006187
0.005533
0.004872
0.004220
0.003597
0.003013
0.002468
0.001969
0.001523
0.001127
0.000775
0.000463
0.000180
-0.000076
0.009266
0.009032
0.008827
0.008637
0.008452
0.008260
0.008026
0.007776
0.007474
0.007130
0.006752
0.006350
0.005934
0.005514
0.005098
0.004708
0.004307
0.003893
0.003466
0.003045
0.002610
0.002210
0.001848
0.001529
0.001250
0.001006
0.000790
0.000598
0.000424
0.000264
0.000116
-0.000020
-0.000147
-0.000264
0.006328
0.006239
0.006137
0.006043
0.005938
0.005815
0.005670
0.005502
0.005302
0.005075
0.004827
0.004565
0.004295
0.004022
0.003751
0.003486
0.003230
0.002982
0.002744
0.002517
0.002299
0.002091
0.001891
0.001701
0.001520
0.001347
0.001183
0.001027
0.000880
0.000740
0.000609
0.000485
0.000370
0.000263
0.000163
0.000070
0.004657
0.004579
0.004500
0.004415
0.004320
0.004213
0.004093
0.003960
0.003808
0.003639
0.003457
0.003265
0.003068
0.002870
0.002673
0.002476
0.002283
0.002097
0.001918
0.001747
0.001584
0.001430
0.001283
0.001144
0.001012
0.000887
0.000769
0.000657
0.000550
0.000450
0.000371
0.000284
0.000190
0.000093
0.000010
-0.000063
-0.000127
0.002987
0.002939
0.002892
0.002842
0.002785
0.002721
0.002649
0.002568
0.002475
0.002370
0.002255
0.002134
0.002008
0.001880
0.001753
0.001628
0.001506
0.001388
0.001275
0.001167
0.001062
0.000871
0.000701
0.000558
0.000440
0.000346
0.000272
0.000204
0.000152
0.000103
0.000058
0.000018
-0.000018
-0.000052
-0.000084
-0.000115
-0.000144
-0.000172
0.001775
0.001750
0.001723
0.001692
0.001656
0.001613
0.001565
0.001510
0.001449
0.001381
0.001308
0.001230
0.001149
0.001066
0.000984
0.000902
0.000823
0.000747
0.000673
0.000603
0.000536
0.000472
0.000412
0.000355
0.000301
0.000251
0.000203
0.000158
0.000115
0.000098
0.000070
0.000032
-0.000013
-0.000062
-0.000097
-0.000125
-0.000148
-0.000167
0.000766
0.000755
0.000746
0.000737
0.000726
0.000713
0.000699
0.000681
0.000660
0.000636
0.000608
0.000579
0.000549
0.000518
0.000487
0.000480
0.000461
0.000426
0.000381
0.000347
0.000304
0.000272
0.000244
0.000219
0.000198
0.000179
0.000163
0.000147
0.000134
0.000121
0.000108
0.000095
0.000083
0.000072
0.000060
0.000049
0.000039
0.009939
0.009930
0.009904
0.009850
0.009757
0.009609
0.009399
0.009133
0.008818
0.008464
0.008082
0.007681
0.007278
0.006868
0.006458
0.006057
0.005657
0.005264
0.004881
0.004510
0.004152
0.003805
0.003470
0.003147
0.002837
0.002538
0.002251
0.004248
0.003985
0.003727
0.003468
0.003209
0.002950
0.002692
0.002437
0.002187
0.001943
0.001707
0.001480
0.001264
0.001059
0.000865
0.000682
0.000510
0.000350
0.000201
0.000063
-0.000065
-0.000182
-0.000289
-0.000387
-0.000475
-0.000554
-0.000624
0.003861
0.003806
0.003741
0.003660
0.003560
0.003441
0.003306
0.003158
0.003000
0.002835
0.002668
0.002500
0.002333
0.002170
0.002010
0.001856
0.001707
0.001564
0.001427
0.001295
0.001169
0.001049
0.000934
0.000825
0.000722
0.000625
0.000533
0.007258
0.007178
0.007092
0.006982
0.006837
0.006655
0.006439
0.006194
0.005926
0.005641
0.005345
0.005044
0.004742
0.004441
0.004146
0.003856
0.003574
0.003300
0.003034
0.002777
0.002528
0.002288
0.002057
0.001835
0.001622
0.001419
0.010288
0.010105
0.009916
0.009707
0.009460
0.009168
0.008831
0.008457
0.008053
0.007626
0.007187
0.006742
0.006297
0.005858
0.005428
0.005009
0.004602
0.004209
0.003831
0.003466
0.003116
0.002780
0.002459
0.002152
0.001860
0.001582
0.001319
0.001071
0.012135
0.011918
0.011695
0.011445
0.011147
0.010795
0.010391
0.009943
0.009460
0.008954
0.008433
0.007907
0.007382
0.006865
0.006359
0.005866
0.005390
0.004929
0.004486
0.004060
0.003651
0.003259
0.002884
0.002527
0.002187
0.001864
0.001559
0.014777
0.014500
0.014196
0.013842
0.013429
0.012959
0.012438
0.011875
0.011280
0.010665
0.010038
0.009409
0.008785
0.008170
0.007567
0.006981
0.006413
0.005863
0.005332
0.004822
0.004331
0.003861
0.003412
0.002983
0.002575
0.002189
0.001823
0.001479
0.016837
0.016513
0.016148
0.015726
0.015239
0.014691
0.014088
0.013441
0.012761
0.012060
0.011348
0.010635
0.009926
0.009228
0.008545
0.007880
0.007235
0.006610
0.006008
0.005428
0.004871
0.004338
0.003828
0.003341
0.002879
0.002441
0.002028
0.001638
0.018429
0.018066
0.017660
0.017191
0.016652
0.016046
0.015381
0.014668
0.013919
0.013148
0.012365
0.011581
0.010804
0.010038
0.009290
0.008561
0.007854
0.007171
0.006513
0.005879
0.005271
0.004688
0.004132
0.003602
0.003098
0.002621
0.002170
0.001746
0.017395
0.017002
0.016572
0.016087
0.015541
0.014936
0.014279
0.013581
0.012854
0.012108
0.011355
0.010603
0.009859
0.009130
0.008419
0.007728
0.007060
0.006416
0.005797
0.005203
0.004634
0.004090
0.003573
0.003081
0.002615
0.002175
0.001761
0.001372
0.015482
0.015122
0.014730
0.014290
0.013797
0.013252
0.012662
0.012037
0.011385
0.010719
0.010046
0.009375
0.008712
0.008063
0.007429
0.006815
0.006222
0.005650
0.005100
0.004574
0.004070
0.003589
0.003131
0.002696
0.002285
0.001896
0.001531
0.001189
0.013943
0.013624
0.013275
0.012883
0.012443
0.011956
0.011428
0.010869
0.010286
0.009689
0.009086
0.008484
0.007890
0.007307
0.006738
0.006186
0.005653
0.005138
0.004644
0.004169
0.003715
0.003282
0.002869
0.002477
0.002105
0.001754
0.001424
0.012932
0.012621
0.012283
0.011906
0.011486
0.011025
0.010529
0.010004
0.009460
0.008903
0.008342
0.007783
0.007231
0.006690
0.006163
0.005651
0.005156
0.004680
0.004222
0.003783
0.003363
0.002962
0.002580
0.002218
0.001875
0.001552
0.001248
0.011639
0.011351
0.011040
0.010695
0.010311
0.009892
0.009441
0.008965
0.008471
0.007968
0.007461
0.006956
0.006457
0.005969
0.005494
0.005033
0.004587
0.004159
0.003747
0.003352
0.002975
0.002615
0.002273
0.001948
0.001641
0.001352
0.001080
0.010451
0.010195
0.009917
0.009608
0.009265
0.008889
0.008485
0.008058
0.007616
0.007164
0.006709
0.006256
0.005809
0.005372
0.004945
0.004531
0.004132
0.003747
0.003378
0.003024
0.002685
0.002362
0.002055
0.001764
0.001488
0.001228
0.009627
0.009381
0.009116
0.008823
0.008501
0.008149
0.007772
0.007375
0.006965
0.006547
0.006127
0.005709
0.005296
0.004892
0.004499
0.004119
0.003751
0.003397
0.003057
0.002732
0.002420
0.002124
0.001842
0.001575
0.001322
0.009010
0.008771
0.008514
0.008233
0.007924
0.007589
0.007231
0.006856
0.006469
0.006075
0.005679
0.005286
0.004899
0.004520
0.004152
0.003795
0.003451
0.003120
0.002802
0.002498
0.002208
0.001931
0.001668
0.001419
0.009135
0.008898
0.008643
0.008362
0.008053
0.007717
0.007358
0.006981
0.006592
0.006195
0.005797
0.005400
0.005009
0.004626
0.004254
0.003893
0.003545
0.003209
0.002887
0.002578
0.002284
0.002003
0.001735
0.001482
0.009008
0.008767
0.008509
0.008226
0.007916
0.007580
0.007222
0.006846
0.006459
0.006065
0.005670
0.005277
0.004890
0.004511
0.004143
0.003787
0.003443
0.003112
0.002794
0.002490
0.002200
0.001923
0.001660
0.001411
0.008309
0.008074
0.007824
0.007552
0.007256
0.006937
0.006599
0.006246
0.005882
0.005514
0.005145
0.004779
0.004419
0.004067
0.003726
0.003396
0.003079
0.002773
0.002481
0.002202
0.001935
0.001682
0.001442
0.001215
0.007140
0.006939
0.006734
0.006510
0.006263
0.005992
0.005701
0.005394
0.005076
0.004752
0.004426
0.004104
0.003787
0.003478
0.003180
0.002892
0.002615
0.002351
0.002098
0.001857
0.001627
0.001409
0.001203
0.001008
0.000824
0.000652
0.005420
0.005270
0.005122
0.004970
0.004799
0.004607
0.004396
0.004169
0.003929
0.003681
0.003431
0.003181
0.002935
0.002695
0.002464
0.002241
0.002027
0.001823
0.001628
0.001443
0.001267
0.001100
0.000942
0.000793
0.000652
0.000520
0.004054
0.003939
0.003826
0.003709
0.003579
0.003434
0.003274
0.003102
0.002921
0.002735
0.002546
0.002359
0.002174
0.001995
0.001821
0.001654
0.001494
0.001341
0.001196
0.001058
0.000926
0.000802
0.000684
0.000573
0.000468
0.000370
0.000278
0.000192
0.002565
0.002492
0.002420
0.002342
0.002254
0.002157
0.002051
0.001938
0.001821
0.001700
0.001580
0.001460
0.001343
0.001229
0.001119
0.001013
0.000912
0.000816
0.000724
0.000637
0.000555
0.000476
0.000403
0.000333
0.000268
0.000207
0.000150
0.000097
0.000048
0.000003
0.001519
0.001479
0.001435
0.001387
0.001334
0.001275
0.001213
0.001147
0.001080
0.001011
0.000942
0.000873
0.000806
0.000741
0.000677
0.000616
0.000558
0.000501
0.000448
0.000397
0.000348
0.000302
0.000258
0.000217
0.000179
0.000142
0.000108
0.000077
0.000048
0.000021
-0.000004
-0.000026
-0.000047
0.001393
0.001376
0.001356
0.001329
0.001296
0.001256
0.001210
0.001159
0.001105
0.001048
0.000989
0.000930
0.000871
0.000813
0.000756
0.000701
0.000647
0.000594
0.000544
0.000495
0.000448
0.000403
0.000360
0.000318
0.000279
0.000241
0.000206
0.000172
0.000141
0.000111
0.000083
0.000058
0.000034
0.000011
0.001609
0.001591
0.001571
0.001547
0.001516
0.001476
0.001427
0.001372
0.001311
0.001246
0.001178
0.001109
0.001040
0.000972
0.000904
0.000839
0.000775
0.000713
0.000653
0.000596
0.000540
0.000487
0.000436
0.000387
0.000340
0.000296
0.000253
0.000213
0.000175
0.000140
0.000107
0.000075
0.000047
0.000020
-0.000005
0.001852
0.001832
0.001810
0.001784
0.001753
0.001713
0.001662
0.001602
0.001535
0.001463
0.001386
0.001307
0.001227
0.001148
0.001070
0.000994
0.000920
0.000848
0.000779
0.000712
0.000648
0.000586
0.000527
0.000470
0.000415
0.000364
0.000314
0.000267
0.000223
0.000182
0.000142
0.000106
0.000072
0.000040
0.000011
-0.000016
-0.000041
0.002210
0.002190
0.002168
0.002142
0.002109
0.002068
0.002021
0.001962
0.001892
0.001814
0.001729
0.001638
0.001546
0.001452
0.001358
0.001266
0.001177
0.001089
0.001005
0.000924
0.000845
0.000770
0.000698
0.000628
0.000561
0.000498
0.000437
0.000379
0.000324
0.000272
0.000223
0.000177
0.000133
0.000093
0.000056
0.000021
0.002852
0.002824
0.002792
0.002755
0.002710
0.002656
0.002593
0.002522
0.002441
0.002348
0.002246
0.002136
0.002021
0.001903
0.001784
0.001666
0.001550
0.001437
0.001328
0.001222
0.001120
0.001022
0.000928
0.000837
0.000751
0.000668
0.000589
0.000513
0.000442
0.000374
0.000310
0.000249
0.000193
0.000140
0.000091
0.003817
0.003776
0.003731
0.003679
0.003617
0.003543
0.003458
0.003362
0.003256
0.003143
0.003017
0.002880
0.002735
0.002584
0.002430
0.002276
0.002122
0.001972
0.001826
0.001684
0.001547
0.001415
0.001289
0.001167
0.001051
0.000940
0.000833
0.000732
0.000636
0.000544
0.000458
0.000376
0.000299
0.000227
0.005415
0.005353
0.005287
0.005212
0.005122
0.005017
0.004896
0.004760
0.004611
0.004451
0.004283
0.004101
0.003908
0.003706
0.003497
0.003286
0.003074
0.002865
0.002660
0.002461
0.002268
0.002081
0.001902
0.001730
0.001565
0.001407
0.001256
0.001112
0.000975
0.000844
0.000721
0.008524
0.008415
0.008300
0.008170
0.008021
0.007848
0.007652
0.007434
0.007197
0.006944
0.006678
0.006404
0.006117
0.005816
0.005505
0.005188
0.004868
0.004550
0.004236
0.003928
0.003629
0.003340
0.003061
0.002792
0.002535
0.002288
0.002052
0.001827
0.014106
0.013903
0.013693
0.013460
0.013196
0.012897
0.012563
0.012195
0.011798
0.011377
0.010937
0.010484
0.010023
0.009546
0.009054
0.008552
0.008044
0.007536
0.007033
0.006539
0.006057
0.005589
0.005137
0.004701
0.004283
0.022908
0.022526
0.022135
0.021712
0.021246
0.020730
0.020162
0.019547
0.018889
0.018197
0.017479
0.016742
0.015994
0.015234
0.014456
0.013665
0.012869
0.012073
0.011286
0.010512
0.009756
0.009021
0.008311
0.035506
0.034850
0.034184
0.033477
0.032711
0.031877
0.030973
0.030003
0.028976
0.027903
0.026794
0.025661
0.024514
0.023356
0.022181
0.020993
0.019800
0.018611
0.017434
0.055441
0.054316
0.053172
0.051972
0.050693
0.049325
0.047865
0.046320
0.044702
0.043023
0.041300
0.039547
0.037785
0.036012
0.034231
0.032439
0.030644
0.028854
0.079092
0.077355
0.075597
0.073779
0.071874
0.069871
0.067767
0.065568
0.063284
0.060936
0.058534
0.056094
0.053635
0.051156
0.048664
0.046160
0.107375
0.104888
0.102364
0.099766
0.097074
0.094280
0.091382
0.088386
0.085305
0.082152
0.078942
0.075694
0.072419
0.069124
0.065816
0.132147
0.128850
0.125515
0.122109
0.118614
0.115021
0.111333
0.107557
0.103706
0.099796
0.095844
0.091867
0.087880
0.083888
0.079904
0.144070
0.140144
0.136210
0.132236
0.128205
0.124109
0.119950
0.115733
0.111471
0.107177
0.102867
0.098557
0.094259
0.089982
0.085739
0.081543
0.148176
0.144112
0.140071
0.136020
0.131937
0.127812
0.123643
0.119434
0.115194
0.110934
0.106669
0.102414
0.098179
0.093972
0.089802
0.085683
0.156328
0.152341
0.148378
0.144405
0.140400
0.136349
0.132249
0.128096
0.123910
0.119705
0.115497
0.111303
0.107140
0.103016
0.098940
0.094922
0.090974
0.087103
0.160726
0.157038
0.153384
0.149714
0.145997
0.142216
0.138370
0.134464
0.130514
0.126535
0.122548
0.118562
0.114582
0.110621
0.106693
0.102810
0.098984
0.095223
0.091534
0.087922
0.163103
0.159667
0.156263
0.152845
0.149380
0.145855
0.142263
0.138598
0.134862
0.131058
0.127204
0.123323
0.119438
0.115567
0.111729
0.107937
0.104201
0.100528
0.096925
0.093395
0.089940
0.165070
0.161767
0.158463
0.155103
0.151647
0.148078
0.144402
0.140634
0.136795
0.132910
0.129000
0.125088
0.121192
0.117326
0.113504
0.109734
0.106022
0.102373
0.098791
0.095278
0.091836
0.088467
0.162018
0.158799
0.155583
0.152307
0.148927
0.145416
0.141767
0.137996
0.134128
0.130195
0.126227
0.122252
0.118295
0.114374
0.110504
0.106694
0.102952
0.099280
0.095682
0.092158
0.088710
0.085338
0.082043
0.152718
0.149585
0.146473
0.143331
0.140119
0.136811
0.133386
0.129838
0.126169
0.122392
0.118537
0.114636
0.110724
0.106827
0.102971
0.099173
0.095445
0.091795
0.088228
0.084744
0.081344
0.078029
0.074796
0.142640
0.139579
0.136541
0.133475
0.130343
0.127122
0.123803
0.120388
0.116878
0.113280
0.109604
0.105860
0.102076
0.098278
0.094496
0.090755
0.087072
0.083462
0.079933
0.076491
0.073138
0.069874
0.138520
0.135439
0.132384
0.129300
0.126147
0.122902
0.119554
0.116102
0.112550
0.108914
0.105217
0.101471
0.097689
0.093884
0.090079
0.086298
0.082560
0.078883
0.075280
0.071760
0.068329
0.064990
0.134837
0.131684
0.128565
0.125423
0.122225
0.118939
0.115551
0.112057
0.108480
0.104837
0.101150
0.097435
0.093707
0.089985
0.086285
0.082634
0.079054
0.075571
0.072202
0.068955
0.065866
0.136620
0.133925
0.131477
0.129362
0.127734
0.126809
0.097618
0.096625
0.094742
0.092187
0.089180
0.085875
0.082371
0.078752
0.075081
0.071408
0.067767
0.064185
0.060696
0.057296
0.127508
0.124334
0.121187
0.118005
0.114736
0.111360
0.107844
0.104180
0.100371
0.096440
0.092398
0.088283
0.084135
0.079981
0.075851
0.071775
0.067773
0.063864
0.060060
0.056369
0.052816
0.122004
0.118731
0.115506
0.112254
0.108914
0.105447
0.101831
0.098073
0.094170
0.090155
0.086070
0.081954
0.077833
0.073738
0.069695
0.065725
0.061845
0.058066
0.054397
0.050844
0.047436
0.115184
0.112036
0.108905
0.105717
0.102420
0.098971
0.095368
0.091629
0.087783
0.083867
0.079920
0.075975
0.072053
0.068175
0.064357
0.060618
0.056971
0.053441
0.050037
0.046761
0.043611
0.040587
0.106540
0.103734
0.100911
0.097983
0.094903
0.091666
0.088283
0.084781
0.081196
0.077564
0.073919
0.070290
0.066701
0.063170
0.059712
0.056336
0.053051
0.049859
0.046766
0.043771
0.040875
0.038080
0.035385
0.094494
0.091984
0.089456
0.086828
0.084071
0.081179
0.078165
0.075054
0.071873
0.068654
0.065425
0.062211
0.059033
0.055908
0.052848
0.049862
0.046956
0.044133
0.041396
0.038746
0.036185
0.033712
0.031328
0.029034
0.065428
0.063301
0.061192
0.059051
0.056852
0.054588
0.052267
0.049904
0.047517
0.045126
0.042750
0.040406
0.038106
0.035861
0.033677
0.031561
0.029513
0.027537
0.025632
0.023799
0.022037
0.020346
0.018724
0.017173
0.015691
0.014277
0.028735
0.027455
0.026208
0.024971
0.023736
0.022502
0.021269
0.020045
0.018836
0.017648
0.016489
0.015363
0.014275
0.013228
0.012223
0.011261
0.010343
0.009468
0.008635
0.007844
0.007093
0.006381
0.005708
0.005073
0.004475
0.003912
0.003384
-0.001531
-0.001994
-0.002416
-0.002792
-0.003122
-0.003407
-0.003649
-0.003850
-0.004015
-0.004145
-0.004245
-0.004318
-0.004366
-0.004392
-0.004397
-0.004385
-0.004356
-0.004313
-0.004256
-0.004186
-0.004105
-0.004015
-0.003915
-0.003808
-0.003694
-0.003575
-0.003450
-0.027547
-0.027410
-0.027225
-0.026958
-0.026597
-0.026141
-0.025595
-0.024971
-0.024282
-0.023540
-0.022759
-0.021950
-0.021122
-0.020283
-0.019440
-0.018597
-0.017757
-0.016923
-0.016098
-0.015283
-0.014479
-0.013689
-0.012913
-0.012153
-0.011410
-0.010686
-0.055465
-0.054765
-0.054001
-0.053123
-0.052097
-0.050915
-0.049584
-0.048123
-0.046556
-0.044907
-0.043200
-0.041458
-0.039697
-0.037933
-0.036175
-0.034432
-0.032711
-0.031016
-0.029350
-0.027717
-0.026118
-0.024555
-0.023031
-0.021547
-0.020106
-0.018707
-0.017354
-0.086053
-0.084778
-0.083426
-0.081920
-0.080214
-0.078285
-0.076133
-0.073788
-0.071283
-0.068656
-0.065944
-0.063178
-0.060384
-0.057581
-0.054786
-0.052013
-0.049270
-0.046567
-0.043909
-0.041303
-0.038754
-0.036262
-0.033833
-0.031472
-0.029182
-0.126284
-0.124119
-0.121888
-0.119494
-0.116870
-0.113983
-0.110831
-0.107427
-0.103804
-0.100004
-0.096070
-0.092042
-0.087956
-0.083842
-0.079724
-0.075624
-0.071559
-0.067544
-0.063591
-0.059711
-0.055911
-0.052199
-0.048581
-0.045063
-0.041649
-0.141649
-0.161415
-0.158171
-0.154791
-0.151196
-0.147341
-0.143208
-0.138801
-0.134134
-0.129242
-0.124168
-0.118959
-0.113659
-0.108308
-0.102942
-0.097592
-0.092284
-0.087038
-0.081872
-0.076799
-0.071830
-0.066974
-0.062238
-0.057628
-0.157628
-0.172982
-0.168624
-0.164174
-0.159561
-0.154748
-0.149720
-0.144480
-0.139044
-0.133448
-0.127732
-0.121942
-0.116118
-0.110297
-0.104512
-0.098788
-0.093147
-0.087604
-0.082172
-0.076857
-0.071667
-0.066603
-0.166603
-0.166298
-0.161527
-0.156760
-0.151975
-0.147177
-0.142399
-0.137702
-0.133186
-0.128990
-0.125295
-0.122321
-0.120298
-0.119421
-0.058482
-0.056977
-0.054621
-0.051718
-0.048518
-0.045193
-0.041850
-0.038553
-0.035338
-0.123538
-0.120504
-0.117399
-0.114139
-0.110680
-0.107003
-0.103108
-0.099007
-0.094720
-0.090287
-0.085753
-0.081158
-0.076544
-0.071946
-0.067393
-0.062914
-0.058532
-0.054264
-0.050149
-0.046203
-0.042429
-0.110860
-0.107414
-0.104004
-0.100538
-0.096957
-0.093228
-0.089340
-0.085298
-0.081130
-0.076880
-0.072594
-0.068319
-0.064097
-0.059959
-0.055930
-0.052027
-0.048259
-0.044633
-0.041150
-0.037812
-0.034616
-0.031560
-0.081608
-0.078829
-0.076105
-0.073367
-0.070565
-0.067670
-0.064668
-0.061560
-0.058366
-0.055119
-0.051857
-0.048614
-0.045420
-0.042300
-0.039272
-0.036349
-0.033537
-0.030840
-0.028259
-0.025792
-0.058100
-0.055856
-0.053667
-0.051490
-0.049297
-0.047065
-0.044777
-0.042428
-0.040031
-0.037608
-0.035186
-0.032788
-0.030437
-0.028150
-0.025939
-0.023813
-0.021777
-0.019832
-0.017979
-0.016216
-0.014541
-0.030305
-0.028798
-0.027344
-0.025919
-0.024509
-0.023104
-0.021700
-0.020290
-0.018877
-0.017471
-0.016083
-0.014727
-0.013411
-0.012145
-0.010935
-0.009784
-0.008694
-0.007665
-0.006696
-0.005785
0.094215
0.194215
