1.369112136040948144e+03
1.930263317974266329e+03
2.356133227891066326e+03
2.709645117084871345e+03
3.040167926046991852e+03
3.381676825121855018e+03
3.738449963411960653e+03
4.112224221127676174e+03
4.506557527991569259e+03
4.921766771142645666e+03
5.354500129339787236e+03
5.799195466068547830e+03
6.248554995256227812e+03
6.694006032029462403e+03
7.126395719071536405e+03
7.536992688668929077e+03
7.919372397370768340e+03
8.276453322146717255e+03
8.614862789755406993e+03
8.941624616338771375e+03
9.263821939904388273e+03
9.587578043167910437e+03
9.917200508608495511e+03
1.025533038571230281e+04
1.060251028230169140e+04
1.095488223519702478e+04
1.130744134904263592e+04
1.165566183103082767e+04
1.199577568897012134e+04
1.232480884008407520e+04
1.264053191737375892e+04
1.294128696378795939e+04
1.322626299292451404e+04
1.349649185999365727e+04
1.375318804799801001e+04
1.399833260340689048e+04
1.423408054133383848e+04
1.446236783549518987e+04
1.468512363750078293e+04
1.490400204383122218e+04
1.512020879922195672e+04
1.533485849973973927e+04
1.554933873109749220e+04
1.576545804837049945e+04
1.598517058525019456e+04
1.621041963275672424e+04
1.644316832484419865e+04
1.668596663851078119e+04
1.679959054659842514e+04
1.691905715236112883e+04
1.704708867192765319e+04
1.718575353679930777e+04
1.733666432517147041e+04
1.749980581632844041e+04
1.767482255055725909e+04
1.786147094646510595e+04
1.805798721020562152e+04
1.826084173313768406e+04
1.846720010990967785e+04
1.867528862656073397e+04
1.888382265186850782e+04
1.909183618656866383e+04
1.929862550609234677e+04
1.950359969778278537e+04
1.970679530613733004e+04
1.990835639651582824e+04
2.010830618092887744e+04
2.030664244460976624e+04
2.050347911676196236e+04
2.069869347625001683e+04
2.089206217340532385e+04
2.108318860244323514e+04
2.127242063023969604e+04
2.146151566549026029e+04
2.165064734243778003e+04
2.183858496514631042e+04
2.202398726900657857e+04
2.220549518093964434e+04
2.238185921390601288e+04
2.255219944984064568e+04
2.271588287710851364e+04
2.287148683374231041e+04
2.301939661890711432e+04
2.316249265145261961e+04
2.330089614794559384e+04
2.343296020974728890e+04
2.355880718206988968e+04
2.367901605521764213e+04
2.406277018961259819e+04
2.442261320347868968e+04
2.476761138233068777e+04
2.510157498964538172e+04
2.542781614728107161e+04
2.574929853415377147e+04
2.606882467570458903e+04
2.638597845284278446e+04
2.652553887739658603e+04
2.667425938355614198e+04
2.682628246697177019e+04
2.698325834311120707e+04
2.714730795226700866e+04
2.732121414138144246e+04
2.750849139431959338e+04
2.771293556054947476e+04
2.793293347081008324e+04
2.816216123438381692e+04
2.839789613073899818e+04
2.863868548181576989e+04
2.888184906857680835e+04
2.911875758213233348e+04
2.933663120451701252e+04
2.952759969025895043e+04
2.969401300337979046e+04
2.984336326769978768e+04
2.997988112059731066e+04
3.010816519565304770e+04
3.023292661983220751e+04
3.035734777114541430e+04
3.048382701376005934e+04
3.061357878416067615e+04
3.074499745828919913e+04
3.087532081934132293e+04
3.100335161616324331e+04
3.112842385487920910e+04
3.125010967032131884e+04
3.136829234186109170e+04
3.148320088173526165e+04
3.159558170720034468e+04
3.170695139859216943e+04
3.181816339397142292e+04
3.192892542324527312e+04
3.203819445113380789e+04
3.214429313641706176e+04
3.224550060869962545e+04
3.234095157569712683e+04
3.243034294209899599e+04
3.251413422651906149e+04
3.259412470896702143e+04
3.267166308012414447e+04
3.274777060884176899e+04
3.282394814307632623e+04
3.290239847947571252e+04
3.298569977595559612e+04
3.307628291920255288e+04
3.317621402852901520e+04
3.328580829751496640e+04
3.340464286156389426e+04
3.353237566598607373e+04
3.366891343646310270e+04
3.381455119732064486e+04
3.397022454648589337e+04
3.413601919770887616e+04
3.430565620910525467e+04
3.447286278283142019e+04
3.463654312872753508e+04
3.479587667048114963e+04
3.494996331756974541e+04
3.509779656492880167e+04
3.523830705544650118e+04
3.537637533561963937e+04
3.561854597636027029e+04
3.584334667763705511e+04
3.605555463458123268e+04
3.625816118192837894e+04
3.645405722447341395e+04
3.664577744856372010e+04
3.683580327450510958e+04
3.702666932594456739e+04
3.722102692645673233e+04
3.742173824261248228e+04
3.763198663292791753e+04
3.785530653319264093e+04
3.809486403090356907e+04
3.835134203708753921e+04
3.862561956616602401e+04
3.891952243835001718e+04
3.923140939936529321e+04
3.955544655812155543e+04
3.988638170279486076e+04
4.022034103623862757e+04
4.055404269369426038e+04
4.088530573037414433e+04
4.121374425646260352e+04
4.154148652845700417e+04
4.187301746736349742e+04
4.221113518134409242e+04
4.255523856389548746e+04
4.290296619143448333e+04
4.325128316286737390e+04
4.359721838126937655e+04
4.393823958435057284e+04
4.427231361079844646e+04
4.459786502813809784e+04
4.491301345117783058e+04
4.521540818647653214e+04
4.550365540612544282e+04
4.577820800904017960e+04
4.604202003867756139e+04
4.629862660446690279e+04
4.655139229721114680e+04
4.680332443297337886e+04
4.705688377697207034e+04
4.731402019616837060e+04
4.757644960037602141e+04
4.784583526987336518e+04
4.812374335622979561e+04
4.841164192223310238e+04
4.871138124218531448e+04
4.879201021908517578e+04
4.887509792409471265e+04
4.896223281964371563e+04
4.905529734442022163e+04
4.915667875460720097e+04
4.926944223800731561e+04
4.939762710408488783e+04
4.954654378148810065e+04
4.972193425323168049e+04
4.992936850945976039e+04
5.016491236393031431e+04
5.041339312091971806e+04
5.066981251694270759e+04
5.093583696382616472e+04
5.121639982474440330e+04
5.151947307372300565e+04
5.185272062425131298e+04
5.221104880530919763e+04
5.258019488075182016e+04
5.294349454113769025e+04
5.329002676881146181e+04
5.361412431101371476e+04
5.391141384780959925e+04
5.417821448064613651e+04
5.441357485097226163e+04
5.462399973946077807e+04
5.481677313086690265e+04
5.499812957690066833e+04
5.517351469293860282e+04
5.534787275207340281e+04
5.552598459760189144e+04
5.571372893841874611e+04
5.583573232748576993e+04
5.595999533041228278e+04
5.608733625512109575e+04
5.621637567728058639e+04
5.634594001715079503e+04
5.647548457804938516e+04
5.660541566184673866e+04
5.673747025494233822e+04
5.687373456338274991e+04
5.701271882087334234e+04
5.715281160599720897e+04
5.729387262196277879e+04
5.743415834839794115e+04
5.757029317392071971e+04
5.769840635883632058e+04
5.781543172591986513e+04
5.792040575391759921e+04
5.801488883318455191e+04
5.810079892750018917e+04
5.817979037320141651e+04
5.825327280991428415e+04
5.832247526391395513e+04
5.838848907122299715e+04
5.845146523592978338e+04
5.848586985797200759e+04
5.852196392857220053e+04
5.855950827811280760e+04
5.859980013537417108e+04
5.864377628443666617e+04
5.869243832439270773e+04
5.874686970964158536e+04
5.880819100091123255e+04
5.887707270791112387e+04
5.895298891056088178e+04
5.903534801179535134e+04
5.912359385844071221e+04
5.921715521675391938e+04
5.931546479378073855e+04
5.941798710582939384e+04
5.952446431087201199e+04
5.963595760158706253e+04
5.975496202299698780e+04
5.988382287122547859e+04
6.002052722620437271e+04
6.016063658792044589e+04
6.030292898095689452e+04
6.044653669904588605e+04
6.058553085880878643e+04
6.066280011432150059e+04
6.074702761381378514e+04
6.083078050577422982e+04
6.091453699264594616e+04
6.099868264611426275e+04
6.108351426660276047e+04
6.116918318378378171e+04
6.125569061814885208e+04
6.134288294052497804e+04
6.143045572552435624e+04
6.151837930767107900e+04
6.160731221510747127e+04
6.169758627907132905e+04
6.178877706788990326e+04
6.188033721854798932e+04
6.197340251300025557e+04
6.207061216151586996e+04
6.217241707004073396e+04
6.227678881629415991e+04
6.238357422672770917e+04
6.249357784801182424e+04
6.260589576198095892e+04
6.271913229607467656e+04
6.283200504819886555e+04
6.294355728837543575e+04
6.305311557951609575e+04
6.316021282956743380e+04
6.326451107522574603e+04
6.336575704984720505e+04
6.346381479510541249e+04
6.355894955014921288e+04
6.365195734275396535e+04
6.374334712782253337e+04
6.383329532979484793e+04
6.392181814302669227e+04
6.400909589794599742e+04
6.409547535024514218e+04
6.418125286465165118e+04
6.426668716888863855e+04
6.435199296351546218e+04
6.443793858652267954e+04
6.452569111312717723e+04
6.461609327119190857e+04
6.470945687833365810e+04
6.480572323360017617e+04
6.490450432946679939e+04
6.500536697318696679e+04
6.510782410031298059e+04
6.521132562951723230e+04
6.531521954979367001e+04
6.541884972657167964e+04
6.552237699062755564e+04
6.562635625554363651e+04
6.573148610280449793e+04
6.583861586961624562e+04
6.594880431729584234e+04
6.606341438458859921e+04
6.618427366650414478e+04
6.631396507112002291e+04
6.646086011949928070e+04
6.677243346521042986e+04
6.723525876257411437e+04
6.784198242513449804e+04
6.840650273479985481e+04
6.893310563255996385e+04
6.943095942474440380e+04
6.991883928278124949e+04
7.043250736716580286e+04
7.088013193876223522e+04
7.128262311317554850e+04
7.166838774513640965e+04
7.203491413728905900e+04
7.238046527525070996e+04
7.270404112812101084e+04
7.300718727887897694e+04
7.329314482201228384e+04
7.356331732999524684e+04
7.381870203159555967e+04
7.406166936250581057e+04
7.429484237452883099e+04
7.452041898257899447e+04
7.474020616948230600e+04
7.495657009963248856e+04
7.517308501403161790e+04
7.539218290950282244e+04
7.561132924818144238e+04
7.582602240706690645e+04
7.603332927902662777e+04
7.623246103268736624e+04
7.642433134485992196e+04
7.661175156454111857e+04
7.679963662554172333e+04
7.699425360618095146e+04
7.719699588374227460e+04
7.740237790044356370e+04
7.760330536029681389e+04
7.779693712248775410e+04
7.798328053949140303e+04
7.816233947958890349e+04
7.833387649055062502e+04
7.849708565215684939e+04
7.865179599008592777e+04
7.879800241684450884e+04
7.893599878251421615e+04
7.906629082248547638e+04
7.918950542722603132e+04
7.930631753818507423e+04
7.941708881948543421e+04
7.952214103989420983e+04
7.962655808222625637e+04
7.973804875014279969e+04
7.986433045132180268e+04
8.001226288710758672e+04
8.018770621353955357e+04
8.039564340623677708e+04
8.064040433502817177e+04
8.092393326089542825e+04
8.124024152689974289e+04
8.158194680108524335e+04
8.194225806735819788e+04
8.231479669524422206e+04
8.269342730896662397e+04
8.307225461752427509e+04
8.344625815553894790e+04
8.371569996806081326e+04
8.398303947752951353e+04
8.425036438551568426e+04
8.451945255575634656e+04
8.479141071956095402e+04
8.506657367906461877e+04
8.534422199076303514e+04
8.562319048503400700e+04
8.590290139990045282e+04
8.618243171912428807e+04
8.646054676169149752e+04
8.673597100914135808e+04
8.700741518092171464e+04
8.727357850927861000e+04
8.753315064998352318e+04
8.778480480084296141e+04
8.802818659705300524e+04
8.826698152243424556e+04
8.850592305595827929e+04
8.874959930842391623e+04
8.900192341133923037e+04
8.926617889289031154e+04
8.954606379642823595e+04
8.984623142327246023e+04
9.017000082502691657e+04
9.051279939306125743e+04
9.086827711942630413e+04
9.123003491695685079e+04
9.159140941547155671e+04
9.194526675413415069e+04
9.228371110848737590e+04
9.259772367243547342e+04
9.287927615761656489e+04
9.312935297694665496e+04
9.335131322159733099e+04
9.354866006574688072e+04
9.372536764965068141e+04
9.388630163712937792e+04
9.403774650316010229e+04
9.418771525364228000e+04
9.434389367483233218e+04
9.450929239168681670e+04
9.468709421289600141e+04
9.488056155787395255e+04
9.509047593904919631e+04
9.531348276043511578e+04
9.554249209466725006e+04
9.577101371721418400e+04
9.599516100320218538e+04
9.621267356463048782e+04
9.642348868458533252e+04
9.662986950341155170e+04
9.683585719781700755e+04
9.704574415467923973e+04
9.726351939538608713e+04
9.749346274107921636e+04
9.773912628231721465e+04
9.799768033550599648e+04
9.826354678519783192e+04
9.853228031509867287e+04
9.879974746410660737e+04
9.906241613926527498e+04
9.931772090797142300e+04
9.956411529996489116e+04
9.980062706835003337e+04
1.000285988707372308e+05
1.002502779274818313e+05
1.004672274157475913e+05
1.006800451833062398e+05
1.008885439122193930e+05
1.010919687518079445e+05
1.012922147708754928e+05
