2.392394842245228403e+01
2.225428262204665231e+01
2.070188636242229308e+01
1.926682673327671580e+01
1.794917082430742994e+01
1.674898572521195206e+01
1.566633852568779339e+01
1.470129631543246163e+01
1.385392618414347154e+01
1.312429522151833439e+01
1.251247051725456139e+01
1.201851916104966733e+01
1.164250824260115813e+01
1.138450485160655035e+01
1.124457607776335699e+01
1.122278901076879976e+01
1.141518884932882294e+01
1.179720809627045597e+01
1.236884675159369884e+01
1.307494822589737815e+01
1.382307116596403773e+01
1.457117251327471585e+01
1.531104531924749601e+01
1.604494281045655768e+01
1.678936856007492295e+01
1.755855849994079421e+01
1.835021145450414437e+01
1.914865520573102842e+01
1.993103625168784632e+01
2.066893188564508321e+01
2.132965256003741672e+01
2.188092007488728186e+01
2.230122474201683858e+01
2.271893018643016049e+01
2.309253625353814598e+01
2.330835610081734188e+01
2.340012075500495925e+01
2.333426905491189629e+01
2.311536262249809326e+01
2.277644664137935138e+01
2.238040757615727117e+01
2.194832166532414774e+01
2.143144826091346289e+01
2.080850400753098484e+01
2.009918022209486566e+01
1.932398229076230578e+01
1.850322421408560558e+01
1.765509333831791849e+01
1.678729111778559613e+01
1.588965770865398497e+01
1.495748757625353242e+01
1.408954461274733205e+01
1.337955476661356613e+01
1.282751803785223110e+01
1.243343442646332697e+01
1.221863905996432287e+01
1.225324423417677444e+01
1.252540935008686418e+01
1.294735172502076459e+01
1.348110738417612531e+01
1.410849483020988338e+01
1.481591220925004571e+01
1.559215657126726740e+01
1.642806182283801419e+01
1.712917465928713412e+01
1.762793369335449611e+01
1.796879601440754826e+01
1.808374161871324404e+01
1.798704736770342549e+01
1.768359823250222007e+01
1.716873131577311895e+01
1.647646639199284024e+01
1.556643069953336500e+01
1.455772254047665015e+01
1.365054109082617728e+01
1.284710875799465946e+01
1.214977626391769938e+01
1.156158719457479478e+01
1.108871437577187891e+01
1.075341700165855841e+01
1.073415522573610836e+01
1.118279631394733009e+01
1.163590161185274141e+01
1.203957737332577871e+01
1.274548332973900422e+01
1.367026573171792059e+01
1.473010429996319104e+01
1.577510241547209802e+01
1.670567283774249745e+01
1.751263921172974136e+01
1.817804349930760210e+01
1.869190360750296520e+01
1.905079147894133129e+01
1.925059310723242589e+01
1.928528529548673731e+01
1.915033117125375384e+01
1.884348114840206634e+01
1.835721858764956949e+01
1.768009397498102331e+01
1.681095564011774357e+01
1.576263888841239691e+01
1.453858828996699515e+01
1.311135791473331835e+01
1.200664359260706604e+01
1.142732210193888598e+01
1.096138531288699802e+01
1.050170500406614238e+01
9.972130229025909287e+00
9.521606816055999900e+00
9.424333708491012374e+00
9.730585937638737803e+00
1.016574065370253166e+01
1.041709050926753832e+01
1.081784869972808316e+01
1.143236923812462003e+01
1.192190647418700067e+01
1.230087930340553193e+01
1.257518806294837432e+01
1.274188431098557217e+01
1.289770160929283449e+01
1.314597771842761098e+01
1.349059512033788089e+01
1.392092850279340155e+01
1.441500590637280865e+01
1.494488320535276671e+01
1.547795296521101704e+01
1.597835811188455502e+01
1.641442245821796675e+01
1.677135784073254499e+01
1.705367201306570379e+01
1.730756783707408886e+01
1.765339942054754729e+01
1.818815223542564041e+01
1.901331130018790461e+01
1.979373542193196656e+01
2.021682940385417737e+01
2.043649012171325907e+01
2.056199244900751921e+01
2.076611626735252614e+01
2.102794554498818869e+01
2.109825367739187385e+01
2.083518650010473650e+01
2.023607416259530112e+01
1.949915561479831538e+01
1.861269977528223052e+01
1.742633403343202048e+01
1.616296451990634964e+01
1.502445908821877119e+01
1.405895311126116809e+01
1.333987164319571583e+01
1.284046759792445336e+01
1.250789168914981886e+01
1.235189295787765928e+01
1.235446537154508739e+01
1.249706055535032689e+01
1.276768494926755260e+01
1.316296042567842051e+01
1.369126644754512512e+01
1.436509025412721030e+01
1.518890855855562805e+01
1.615880621862448407e+01
1.722661908105793671e+01
1.824148893127896187e+01
1.911108841424289650e+01
1.984042467529815923e+01
2.040727919308539384e+01
2.078558914171684080e+01
2.095661863926044077e+01
2.091100537465978348e+01
2.064463059265580824e+01
2.016366317407609188e+01
1.949470353919566534e+01
1.868827241333029576e+01
1.782445030540088737e+01
1.679400766194271100e+01
1.568601439388405261e+01
1.485933529828404964e+01
1.430182903113005821e+01
1.388969280463413014e+01
1.362292661879626898e+01
1.350153047361647118e+01
1.352550436909473852e+01
1.367171869159890818e+01
1.391163907176513703e+01
1.424108687002745910e+01
1.466307828737414454e+01
1.518135411900714615e+01
1.579550989466183530e+01
1.649187560046228640e+01
1.724466313094661629e+01
1.802684403980849837e+01
1.881381658850955674e+01
1.958159087593609726e+01
2.039531315131667810e+01
2.127192787273784091e+01
2.209125382239771440e+01
2.274901064433240805e+01
2.317941476651858679e+01
2.335190888195747760e+01
2.326472118446823600e+01
2.295686598180794746e+01
2.249527831712332926e+01
2.192921952140754271e+01
2.128041553094251270e+01
2.056874379736891711e+01
1.982310899518271441e+01
1.905968561714837506e+01
1.824460571821875732e+01
1.734128190410445214e+01
1.634679268969476595e+01
1.527529827746128710e+01
1.416542911505554514e+01
1.306938494792465733e+01
1.204202810383204181e+01
1.113648805359821914e+01
1.039963914187956462e+01
9.861500998241053750e+00
9.520999337033295262e+00
9.351962758457633029e+00
9.327756429599251220e+00
9.430328154034834043e+00
9.643401565031986422e+00
9.942035877284562062e+00
1.028550166159077683e+01
1.066332431778694989e+01
1.107768345721145664e+01
1.171143072128996820e+01
1.256389257087644751e+01
1.341052134671465623e+01
1.421016694865226526e+01
1.494482193427806394e+01
1.558833846408343504e+01
1.608698278163406670e+01
1.638722113024752502e+01
1.646750340379368893e+01
1.633325485689804424e+01
1.600070806340813689e+01
1.548757183362165080e+01
1.480630929986329392e+01
1.401281480044371719e+01
1.326139348981903865e+01
1.267115078986737942e+01
1.226589966484319127e+01
1.205223133598710206e+01
1.202138263717010780e+01
1.214729566885108270e+01
1.238625865144522464e+01
1.268712251863971829e+01
1.315616540469825146e+01
1.378224480085893511e+01
1.417860585812422691e+01
1.437003443416306858e+01
1.464585536852948522e+01
1.507139906949368502e+01
1.577367570142346764e+01
1.673591235203149807e+01
1.785935684561603765e+01
1.896511243314418849e+01
1.994101709248013776e+01
2.081265413621698812e+01
2.151639923590618864e+01
2.201626495930164751e+01
2.229149819586960035e+01
2.233730380693353013e+01
2.216205840648549952e+01
2.177493669592750081e+01
2.118724274948969821e+01
2.042652425805405514e+01
1.954101031083328621e+01
1.860622267134591823e+01
1.766946670090330684e+01
1.681416824239716590e+01
1.620819205042805322e+01
1.577172178824161719e+01
1.506132992844308305e+01
1.426910560288487595e+01
1.377278072528875441e+01
1.345039123659192271e+01
1.325658448630956521e+01
1.297030748921234355e+01
1.245392644240750890e+01
1.207344900820196365e+01
1.193684278102168150e+01
1.185008881093347455e+01
1.181014870244457704e+01
1.182050492740485126e+01
1.188975581084526567e+01
1.202907996243716227e+01
1.213892164107965499e+01
1.211566710781753464e+01
1.197693442401564035e+01
1.174331239525451309e+01
1.142732094322593639e+01
1.105267130411416510e+01
1.064761340909303300e+01
1.023360158643711237e+01
9.835648719450778898e+00
9.485060518638551486e+00
9.210251186770880949e+00
9.040190842222827428e+00
9.017606587899026138e+00
9.223613835525814153e+00
9.579842228796806580e+00
9.792648149513038192e+00
9.804654265911251443e+00
1.009581375033761397e+01
1.063622895417412551e+01
1.105307476119408427e+01
1.141638157439041024e+01
1.180798547940523768e+01
1.226429093839895046e+01
1.276614493757743674e+01
1.329349135089027634e+01
1.382854442715841259e+01
1.435968692517977274e+01
1.488038782716143693e+01
1.538530589636367019e+01
1.587024160374688364e+01
1.633401514137527499e+01
1.677934137804595593e+01
1.725082703067335643e+01
1.778638464049253898e+01
1.863253609757132523e+01
1.965889597543703005e+01
2.048037605767583713e+01
2.108764293523656619e+01
2.147520217469439530e+01
2.164358755753151797e+01
2.159310571489812958e+01
2.132169831031771778e+01
2.083248761124210802e+01
2.018120206579798648e+01
1.934650769512208512e+01
1.827227359488830416e+01
1.702043786825338856e+01
1.565990199967270158e+01
1.423717167681729023e+01
1.280609166683125721e+01
1.144152538283156595e+01
1.023478437213050363e+01
9.168133835184624658e+00
8.144260941283638644e+00
7.102120324259082906e+00
6.095804237994270736e+00
5.216001407356164243e+00
4.479397038128966280e+00
3.909973361996139207e+00
3.531558532580398424e+00
3.357479103375075269e+00
3.398295681375767430e+00
3.663315227959660358e+00
3.926219393085391030e+00
4.209790592260634234e+00
4.396042087429110623e+00
4.385723267116106605e+00
4.442402296243034066e+00
4.552106482246839114e+00
4.707207708757166209e+00
4.905294657796375191e+00
5.145081646470379688e+00
5.428127544581824893e+00
5.752836819477423091e+00
6.046316127986166578e+00
6.297968497759362627e+00
6.563965252969542696e+00
6.813861236459726634e+00
7.018222572176561869e+00
7.181023746637423599e+00
7.314125486750693739e+00
7.431026460026650682e+00
7.487383000023836388e+00
7.449178888725182190e+00
7.380839834392960874e+00
7.400468778757252508e+00
7.526117182652855675e+00
7.699816924324551337e+00
7.910644557224199680e+00
8.136898102112484210e+00
8.349826818266432582e+00
8.539031672919012550e+00
8.768674456061939182e+00
9.096011494086882365e+00
9.689510397769442562e+00
1.046958180239872505e+01
1.115992244118103471e+01
1.172588437969365494e+01
1.215286433867945171e+01
1.243435773321113658e+01
1.267588513937383965e+01
1.298275568266436331e+01
1.334050986574924380e+01
1.372719560473368361e+01
1.412297824349997022e+01
1.451045023889627927e+01
1.487605332193566454e+01
1.521596574231362098e+01
1.554023066521235030e+01
1.586444995247236633e+01
1.619978535766925987e+01
1.655363296462630274e+01
1.693292326116892710e+01
1.734412804278558440e+01
1.779168633548274059e+01
1.827224153692427322e+01
1.877155616978447128e+01
1.927523937214499483e+01
1.977891144253749545e+01
2.028617489898752524e+01
2.080588028687319024e+01
2.135405174984528287e+01
2.193809342682189012e+01
2.246475106171229896e+01
2.278649053883321329e+01
2.287386523158895457e+01
2.278683569497414751e+01
2.258682661261691393e+01
2.233632782013996021e+01
2.211050259620381908e+01
2.200710495731815541e+01
2.199999999999949196e+01
2.199999999999949196e+01
2.199999999999949196e+01
2.199999999999949196e+01
2.199999999999949196e+01
2.199999999999949196e+01
2.199999999999949196e+01
2.199999999999949196e+01
2.199999999999949196e+01
2.199999999999949196e+01
2.199999999999949196e+01
2.199999999999949196e+01
2.202674715468398148e+01
2.216631630495220406e+01
2.241503256502153008e+01
2.266533674307822821e+01
2.284118867454010982e+01
2.289404146667905238e+01
2.280824869667288368e+01
2.259260745812173354e+01
2.225737415767874339e+01
2.180792925585774356e+01
2.125037189001183791e+01
2.059285404529811458e+01
1.984573858477816444e+01
1.902370270405170061e+01
1.814695083944189236e+01
1.723574172734898724e+01
1.630513628635868884e+01
1.536718987646368895e+01
1.443407808756212951e+01
1.351873330018685060e+01
1.263253287789019375e+01
1.177218213753493536e+01
1.090127281510138069e+01
1.000082205803174595e+01
9.215352202689430783e+00
8.679955285883968585e+00
8.512866588582093996e+00
8.738419158456521174e+00
9.218284663302078741e+00
9.877854648638150437e+00
1.066566470951600998e+01
1.151387832926237742e+01
1.227005493139781755e+01
1.283268597694466706e+01
1.321094947962082777e+01
1.341057233214052680e+01
1.344188894900267428e+01
1.343804844600422044e+01
1.356803810478857386e+01
1.368787244929064073e+01
1.380279838004503468e+01
1.391806279758604603e+01
1.403891260244798112e+01
1.417059469516513559e+01
1.431835597627181222e+01
1.448744334630230668e+01
1.468310370579092350e+01
1.491058395527195302e+01
1.517513099527970155e+01
1.548199172634847010e+01
1.583641304901254898e+01
1.624364186380624631e+01
1.670892507126385951e+01
