5
6.7 -2.95 0
6.252672526041667 -4.618863932291666 0
5.821380208333333 -6.288411458333334 0
5.422158203125 -7.959326171875 0
5.071041666666667 -9.632291666666667 0
4.784065755208333 -11.307991536458333 0
4.577265625000001 -12.987109375000001 0
4.466676432291667 -14.670328776041668 0
4.468333333333334 -16.358333333333334 0
4.592135416666667 -18.048955078125 0
4.823437500000001 -19.728619791666667 0
5.1414583333333335 -21.380901692708335 0
5.525416666666667 -22.989375000000003 0
5.9545312500000005 -24.537613932291666 0
6.4080208333333335 -26.009192708333334 0
6.865104166666667 -27.387685546874998 0
7.305 -28.656666666666666 0
7.711181640625 -29.805071614583333 0
8.084140625 -30.84328125 0
8.428623046875 -31.787037760416666 0
8.749375 -32.65208333333334 0
9.051142578125 -33.45416015625 0
9.338671875 -34.209010416666665 0
9.616708984375 -34.932376302083334 0
9.89 -35.64 0
---
6
9.89 -35.54 0
10.404820963541667 -36.76248697916667 0
10.926067708333333 -37.99989583333333 0
11.460166015625001 -39.2671484375 0
12.013541666666667 -40.579166666666666 0
12.592620442708334 -41.95087239583333 0
13.203828125000001 -43.397187499999994 0
13.853590494791668 -44.933033854166666 0
14.548333333333332 -46.57333333333333 0
15.293932291666666 -48.323932291666665 0
16.0940625 -50.154375 0
16.951848958333333 -52.02513020833334 0
17.870416666666664 -53.89666666666667 0
18.852890624999997 -55.729453125000006 0
19.90239583333333 -57.483958333333334 0
21.022057291666663 -59.120651041666676 0
22.214999999999996 -60.60000000000001 0
23.482236328125 -61.8931640625 0
24.816328125 -63.0140625 0
26.207724609375 -63.9873046875 0
27.646875 -64.8375 0
29.124228515625 -65.5892578125 0
30.630234375 -66.26718749999999 0
32.155341796875 -66.8958984375 0
33.69 -67.5 0
---
7
0 0 5
1.5112499999999998 1.0879166666666669 4.8125
3.0224999999999995 2.1708333333333334 4.625
4.5337499999999995 3.2437500000000004 4.4375
6.044999999999999 4.301666666666667 4.25
7.556249999999999 5.3395833333333345 4.0625
9.067499999999999 6.352500000000001 3.875
10.578749999999998 7.335416666666668 3.6875
12.089999999999998 8.283333333333333 3.5
13.60214192708333 9.190657552083334 3.3123372395833335
15.119635416666664 10.049427083333333 3.1236979166666665
16.647832031249997 10.851087239583332 2.93310546875
18.19208333333333 11.587083333333332 2.7395833333333335
19.757740885416663 12.248860677083332 2.542154947916667
21.350156249999998 12.827864583333334 2.33984375
22.97468098958333 13.315540364583333 2.1316731770833335
24.636666666666663 13.703333333333333 1.9166666666666667
26.337535807291665 13.980891927083333 1.69482421875
28.062994791666668 14.130677083333333 1.4700520833333335
29.794820963541667 14.133352864583333 1.2472330729166667
31.514791666666667 13.969583333333333 1.03125
33.204684244791665 13.620032552083334 0.8269856770833335
34.84627604166667 13.065364583333333 0.6393229166666667
36.421344401041665 12.286243489583333 0.4731445312500002
37.91166666666667 11.263333333333334 0.3333333333333335
39.302418619791666 9.986962890625001 0.22330729166666663
40.59236979166667 8.486119791666667 0.14062499999999997
41.783688151041666 6.799456380208334 0.08138020833333331
42.87854166666667 4.965625000000001 0.041666666666666685
43.87909830729167 3.023277994791668 0.017578125000000056
44.787526041666666 1.011067708333334 0.005208333333333315
45.60599283854167 -1.0323535156249992 0.0006510416666666852
46.336666666666666 -3.0683333333333316 5.551115123125783e-17
46.98256184895833 -5.064671223958333 0
47.550078125 -7.014973958333333 0
48.04646158854167 -8.919300130208333 0
48.47895833333333 -10.777708333333333 0
48.854814453125 -12.590257161458334 0
49.18127604166666 -14.357005208333334 0
49.465589192708336 -16.07801106770833 0
49.715 -17.753333333333334 0
49.930234375 -19.401106770833334 0
50.08593749999999 -21.111770833333335 0
50.150234375 -22.993841145833333 0
50.091249999999995 -25.155833333333334 0
49.877109374999996 -27.706263020833333 0
49.47593749999999 -30.753645833333337 0
48.855859374999994 -34.406497395833334 0
47.985 -38.77333333333333 0
46.84268554687499 -43.927447916666665 0
45.45304687499999 -49.80125 0
43.85141601562499 -56.291927083333334 0
42.07312499999999 -63.29666666666667 0
40.15350585937499 -70.71265625000001 0
38.12789062499999 -78.43708333333333 0
36.031611328124995 -86.36713541666667 0
33.89999999999999 -94.4 0
---
8
0 0 5
1.92375 0.9425 5
3.8475 1.885 5
5.77125 2.8275 5
7.695 3.77 5
9.61875 4.7125 5
11.5425 5.655 5
13.46625 6.5975 5
15.39 7.54 5
---
9
6 -0.7 0
6.467877604166667 1.1855891927083335 0
6.960520833333334 3.059713541666667 0
7.5026953125 4.910908203125 0
8.119166666666667 6.727708333333334 0
8.834700520833334 8.498649088541667 0
9.674062500000002 10.212265625 0
10.662018229166668 11.857093098958334 0
11.823333333333334 13.421666666666667 0
13.172216796874999 14.897350260416667 0
14.680651041666666 16.286822916666665 0
16.310061848958334 17.595592447916665 0
18.021875 18.829166666666666 0
19.777516276041666 19.993053385416665 0
21.538411458333336 21.092760416666664 0
23.265986328125003 22.133795572916668 0
24.921666666666667 23.121666666666666 0
26.47712890625 24.062890624999998 0
27.945052083333337 24.968020833333334 0
29.34836588541667 25.848619791666664 0
30.71 26.71625 0
32.052884114583335 27.58247395833333 0
33.39994791666667 28.458854166666665 0
34.77412109375 29.356953124999997 0
36.19833333333333 30.28833333333333 0
37.68814778645833 31.262805989583338 0
39.22966145833333 32.283177083333335 0
40.80160481770833 33.35050130208334 0
42.382708333333326 34.465833333333336 0
43.95170247395833 35.63022786458334 0
45.48731770833333 36.844739583333336 0
46.968284505208324 38.11042317708334 0
48.37333333333333 39.42833333333334 0
49.687526041666665 40.79620442708333 0
50.92125 42.198489583333334 0
52.09122395833333 43.616321614583335 0
53.21416666666667 45.030833333333334 0
54.306796875 46.42315755208334 0
55.38583333333333 47.774427083333336 0
56.46799479166667 49.06577473958333 0
57.57 50.278333333333336 0
58.702610677083335 51.40370768229166 0
59.85276041666667 52.475390624999996 0
61.00142578125 53.53734700520833 0
62.129583333333336 54.63354166666666 0
63.21820963541667 55.807939453124995 0
64.24828125 57.10450520833333 0
65.20077473958334 58.56720377604166 0
66.05666666666667 60.239999999999995 0
66.79837565104167 62.15343424479167 0
67.41408854166667 64.28434895833334 0
67.89343424479168 66.596162109375 0
68.22604166666667 69.05229166666666 0
68.40153971354167 71.61615559895833 0
68.40955729166667 74.251171875 0
68.23972330729167 76.92075846354167 0
67.88166666666667 79.58833333333334 0
67.33088216145835 82.22421549479165 0
66.606328125 84.82632812499999 0
65.73282877604167 87.39949544270833 0
64.73520833333335 89.94854166666666 0
63.63829101562501 92.47829101562499 0
62.466901041666674 94.99356770833333 0
61.245862630208336 97.49919596354167 0
60 100 0
---
10
0.4 3.08 0
1.5958984375 4.447955729166667 0
2.7671875 5.833645833333334 0
3.8892578125 7.2548046875 0
4.9375 8.729166666666668 0
5.8873046875 10.274466145833333 0
6.7140625 11.9084375 0
7.3931640625 13.648815104166667 0
7.9 15.513333333333334 0
8.214583333333334 17.516419270833335 0
8.335416666666665 19.659270833333334 0
8.265625 21.939778645833336 0
8.008333333333333 24.355833333333337 0
7.566666666666666 26.905325520833333 0
6.9437500000000005 29.586145833333333 0
6.142708333333333 32.396184895833336 0
5.166666666666666 35.333333333333336 0
4.025716145833334 38.39127604166667 0
2.7578125000000004 41.546875 0
1.407877604166667 44.772786458333336 0
0.020833333333333925 48.04166666666667 0
-1.3583984374999991 51.326171875 0
-2.684895833333333 54.598958333333336 0
-3.913736979166665 57.83268229166667 0
-4.999999999999999 61 0
-5.906829427083333 64.07716471354166 0
-6.629635416666667 67.05481770833333 0
-7.17189453125 69.927197265625 0
-7.537083333333333 72.68854166666667 0
-7.728678385416667 75.33308919270833 0
-7.75015625 77.855078125 0
-7.604993489583334 80.24874674479167 0
-7.296666666666667 82.50833333333333 0
-6.8313997395833335 84.63194986979167 0
-6.22640625 86.63320312500001 0
-5.5016471354166665 88.52957356770834 0
-4.677083333333334 90.33854166666667 0
-3.7726757812500002 92.077587890625 0
-2.808385416666667 93.76419270833334 0
-1.8041731770833334 95.41583658854167 0
-0.7799999999999994 97.05 0
---
11
0.4 3.08 0
4.475 7.695 0
8.55 12.31 0
12.625000000000002 16.925 0
16.7 21.54 0
20.775 26.155 0
24.85 30.77 0
28.925 35.385 0
33 40 0
---
13
3.88 -4.69 0
4.243493333333333 -3.721701666666667 0
4.6099466666666675 -2.7576133333333335 0
4.9823200000000005 -1.8019450000000004 0
5.363573333333334 -0.8589066666666665 0
5.756666666666668 0.06729166666666675 0
6.16456 0.9724399999999997 0
6.590213333333334 1.8523283333333334 0
7.036586666666667 2.702746666666667 0
7.506640000000001 3.5194850000000004 0
8.003333333333334 4.298333333333333 0
8.529938333333334 5.036808333333333 0
9.090973333333334 5.739333333333333 0
9.691268333333333 6.4120583333333325 0
10.335653333333333 7.061133333333333 0
11.028958333333334 7.692708333333333 0
11.776013333333333 8.312933333333334 0
12.581648333333334 8.927958333333333 0
13.450693333333334 9.543933333333333 0
14.387978333333333 10.167008333333333 0
15.398333333333333 10.803333333333335 0
16.4847 11.456876666666666 0.00001
17.642466666666667 12.122879999999999 0.00008
18.865133333333333 12.794403333333332 0.00027
20.1462 13.464506666666665 0.00064
21.479166666666668 14.126249999999999 0.00125
22.857533333333333 14.772693333333333 0.00216
24.2748 15.396896666666665 0.003429999999999999
25.724466666666668 15.991919999999999 0.00512
27.200033333333334 16.550823333333334 0.007290000000000001
28.695 17.066666666666666 0.01
30.204438333333336 17.534793333333333 0.013853333333333334
31.729706666666672 17.95968 0.02162666666666667
33.273735 18.348086666666667 0.03664
34.83945333333334 18.706773333333334 0.062213333333333336
36.429791666666674 19.0425 0.10166666666666666
38.04768 19.362026666666665 0.15832
39.69604833333334 19.672113333333332 0.23549333333333328
41.37782666666667 19.97952 0.33650666666666673
43.09594500000001 20.291006666666668 0.46468
44.85333333333334 20.613333333333333 0.6233333333333334
46.65024666666667 20.95196333333333 0.8143466666666668
48.47624 21.307173333333335 1.03384
50.31819333333333 21.67794333333333 1.2764933333333333
52.16298666666667 22.063253333333336 1.536986666666667
53.9975 22.462083333333332 1.81
55.808613333333334 22.873413333333332 2.0902133333333333
57.58320666666667 23.296223333333334 2.372306666666667
59.30816 23.729493333333334 2.6509600000000004
60.970353333333335 24.172203333333336 2.920853333333334
62.55666666666667 24.623333333333335 3.176666666666667
64.05765000000001 25.08191 3.4142900000000007
65.47853333333335 25.54714666666667 3.634453333333334
66.82821666666668 26.018303333333336 3.8390966666666673
68.1156 26.494640000000004 4.03016
69.34958333333334 26.975416666666668 4.209583333333334
70.53906666666667 27.459893333333337 4.379306666666667
71.69295000000001 27.94733 4.541270000000001
72.82013333333333 28.43698666666667 4.697413333333333
73.92951666666667 28.92812333333334 4.849676666666667
75.03 29.420000000000005 5
---
14
5.18 3.5 0
7.66537109375 2.4418948567708334 0
10.19796875 1.4101588541666668 0
12.82501953125 0.4311611328125 0
15.59375 -0.46872916666666686 0
18.55138671875 -1.263142903645833 0
21.74515625 -1.9257109374999999 0
25.22228515625 -2.430064127604167 0
29.03 -2.749833333333333 0
33.18708984375 -2.8619059244791663 0
37.59859375 -2.7561953125 0
42.14111328125 -2.425871419270833 0
46.69125 -1.8641041666666665 0
51.12560546875 -1.0640634765625 0
55.32078125 -0.01891927083333389 0
59.15337890625 1.2781585286458323 0
62.5 2.8339999999999996 0
65.26813151041667 4.6453134765624995 0
67.48880208333333 6.6683203125 0
69.22392578125 8.8491201171875 0
70.53541666666666 11.1338125 0
71.48518880208334 13.4684970703125 0
72.13515625 15.799273437499998 0
72.54723307291667 18.0722412109375 0
72.78333333333333 20.2335 0
72.89742838541666 22.2415830078125 0
72.91171875 24.1047578125 0
72.84046223958333 25.843725585937502 0
72.69791666666667 27.479187500000002 0
72.49833984375 29.0318447265625 0
72.25598958333333 30.522398437499998 0
71.98512369791666 31.9715498046875 0
71.7 33.39999999999999 0
---
20
-26.05 -6.13 0
-23.017919921875002 -4.9982324218750005 0
-19.980859375 -3.923359375 0
-16.933837890625 -2.962275390625 0
-13.871875000000001 -2.171875 0
-10.789990234375 -1.609052734375 0
-7.683203125000002 -1.3307031250000003 0
-4.546533203125001 -1.393720703125001 0
-1.375 -1.8550000000000004 0
1.832828776041667 -2.7466113281249998 0
5.064192708333334 -4.001328125 0
8.302783203125001 -5.527099609374999 0
11.532291666666667 -7.231875 0
14.736409505208336 -9.023603515625 0
17.898828125 -10.810234375 0
21.003238932291666 -12.499716796875001 0
24.033333333333335 -14 0
26.975130208333333 -15.2373046875 0
29.82395833333333 -16.2109375 0
32.57747395833333 -16.9384765625 0
35.233333333333334 -17.4375 0
37.78919270833333 -17.7255859375 0
40.24270833333333 -17.8203125 0
42.59153645833334 -17.7392578125 0
44.83333333333333 -17.5 0
46.967122395833336 -17.117513020833332 0
48.997395833333336 -16.596354166666668 0
50.930013020833336 -15.9384765625 0
52.770833333333336 -15.145833333333332 0
54.525716145833336 -14.220377604166668 0
56.200520833333336 -13.1640625 0
57.801106770833336 -11.978841145833332 0
59.333333333333336 -10.666666666666668 0
60.811848958333336 -9.214518229166666 0
62.286458333333336 -7.549479166666666 0
63.815755208333336 -5.583658854166666 0
65.45833333333334 -3.229166666666666 0
67.27278645833334 -0.3981119791666661 0
69.31770833333334 2.997395833333334 0
71.65169270833334 7.045247395833334 0
74.33333333333334 11.833333333333334 0
77.39679036458332 17.40625 0
80.77848958333333 23.635416666666668 0
84.39042317708333 30.348958333333336 0
88.14458333333333 37.375 0
91.95296223958333 44.54166666666667 0
95.72755208333334 51.677083333333336 0
99.38034505208333 58.60937500000001 0
102.82333333333332 65.16666666666667 0
105.99039713541667 71.22135416666667 0
108.90296875 76.82291666666667 0
111.60436848958334 82.06510416666667 0
114.13791666666667 87.04166666666667 0
116.54693359375 91.84635416666667 0
118.87473958333334 96.57291666666667 0
121.16465494791667 101.31510416666667 0
123.46000000000001 106.16666666666667 0
125.79355468749999 111.20185546875001 0
128.1559375 116.41692708333333 0
130.5272265625 121.78863932291668 0
132.8875 127.29375 0
135.21683593749998 132.90901692708334 0
137.49531249999998 138.61119791666667 0
139.7030078125 144.37705078125 0
141.82 150.18333333333334 0
143.83199218750002 156.01031901041668 0
145.74718750000002 161.85234375 0
147.5794140625 167.70725911458334 0
149.34250000000003 173.57291666666666 0
151.0502734375 179.44716796875 0
152.7165625 185.32786458333334 0
154.3551953125 191.21285807291667 0
155.98000000000002 197.1 0
---
25
0.443 16.15 0
3.4898124035493816 18.344332561728393 0
6.553999228395059 20.52966049382716 0
9.652934895833333 22.696979166666665 0
12.803993827160493 24.837283950617284 0
16.02455044367284 26.941570216049385 0
19.331979166666663 29.000833333333333 0
22.74365441743827 31.00606867283951 0
26.276950617283948 32.94827160493827 0
29.949242187499998 34.8184375 0
33.777903549382714 36.60756172839507 0
37.78030912422839 38.30663966049383 0
41.97383333333333 39.906666666666666 0
46.366207851080254 41.393050733024694 0
50.92659336419754 42.728850308641974 0
55.61450781250001 43.87153645833333 0
60.38946913580247 44.77858024691358 0
65.21099527391976 45.40745273919753 0
70.03860416666667 45.715625 0
74.83181375385803 45.660568094135805 0
79.55014197530863 45.199753086419754 0
84.15310677083335 44.29065104166667 0
88.60022608024693 42.89073302469136 0
92.85101784336419 40.95747010030864 0
96.86500000000001 38.44833333333334 0
100.61097800925926 35.337672646604936 0
104.0949074074074 31.667353395061728 0
107.33203125 27.496119791666665 0
110.33759259259259 22.882716049382715 0
113.12683449074073 17.88588638117284 0
115.71499999999999 12.564374999999998 0
118.11733217592592 6.976926118827155 0
120.34907407407407 1.1822839506172826 0
122.42546875 -4.760807291666666 0
124.36175925925926 -10.793603395061737 0
126.1731886574074 -16.857360146604933 0
127.875 -22.893333333333338 0
129.4812065972222 -28.8537712191358 0
131.00090277777775 -34.73489197530864 0
132.441953125 -40.54390625 0
133.8122222222222 -46.28802469135802 0
135.11957465277777 -51.974457947530865 0
136.371875 -57.610416666666666 0
137.5769878472222 -63.20311149691358 0
138.74277777777777 -68.75975308641975 0
139.87710937499997 -74.28755208333334 0
140.98784722222223 -79.79371913580246 0
142.08285590277777 -85.2854648919753 0
143.17 -90.77 0
---
26
0 -4.3 0
-0.244326171875 -8.669954427083333 0
-0.507109375 -13.054635416666667 0
-0.806806640625 -17.46876953125 0
-1.161875 -21.927083333333336 0
-1.5907714843749998 -26.44430338541667 0
-2.111953125 -31.035156250000004 0
-2.743876953125 -35.71436848958333 0
-3.505 -40.49666666666667 0
-4.411985677083334 -45.39524739583334 0
-5.474322916666667 -50.417187500000004 0
-6.69970703125 -55.56803385416667 0
-8.095833333333333 -60.85333333333334 0
-9.670397135416668 -66.2786328125 0
-11.43109375 -71.84947916666667 0
-13.385618489583335 -77.57141927083333 0
-15.541666666666668 -83.45 0
-17.89201171875 -89.4804296875 0
-20.369739583333335 -95.6165625 0
-22.893014322916663 -101.8019140625 0
-25.38 -107.98 0
-27.748860677083332 -114.0943359375 0
-29.917760416666667 -120.0884375 0
-31.80486328125 -125.9058203125 0
-33.32833333333333 -131.49 0
-34.415712890625 -136.79596354166668 0
-35.03205729166667 -141.82458333333335 0
-35.151800130208336 -146.588203125 0
-34.749375 -151.0991666666667 0
-33.79921549479167 -155.36981770833336 0
-32.27575520833334 -159.41250000000002 0
-30.153427734375004 -163.23955729166667 0
-27.406666666666673 -166.86333333333334 0
-24.026914062499998 -170.2842252604167 0
-20.07364583333333 -173.45484375 0
-15.623346354166666 -176.31585286458335 0
-10.752499999999998 -178.80791666666667 0
-5.537591145833332 -180.87169921875 0
-0.05510416666665918 -182.44786458333334 0
5.618476562500007 -183.47707682291667 0
11.406666666666673 -183.9 0
17.24493489583333 -183.6810546875 0
23.1165625 -182.87968750000002 0
29.01678385416667 -181.5791015625 0
34.94083333333333 -179.8625 0
40.8839453125 -177.8130859375 0
46.84135416666667 -175.5140625 0
52.808294270833336 -173.04863281250002 0
58.78 -170.5 0
